GENE	exp_0_smpl_0	exp_1_smpl_0	exp_2_smpl_0	exp_3_smpl_0	exp_4_smpl_0	exp_5_smpl_0	exp_6_smpl_0	exp_7_smpl_0	exp_8_smpl_0	exp_9_smpl_0	exp_10_smpl_0	exp_11_smpl_0	exp_12_smpl_0	exp_13_smpl_0	exp_14_smpl_0	exp_15_smpl_0	exp_16_smpl_0	exp_17_smpl_0	exp_18_smpl_0	exp_19_smpl_0	exp_20_smpl_0	exp_21_smpl_0	exp_22_smpl_0	exp_23_smpl_0	exp_24_smpl_0
0	1535.3640621564393	666.7974198888741	315.35660626940313	1536.063940581698	1615.488491893331	1264.4914524315427	301.2935692680351	71.28338812855199	1395.1169945184301	1134.477648319507	788.4242232264837	593.1959678321198	255.80441349297257	342.20822459912745	16.375398441278204	1565.204581977556	1199.4887145805715	664.6943122523703	221.4937877755737	196.9763329065367	1107.6132061208393	598.585743677539	663.6489606888202	817.1493154886216	476.60397271418464
6	278.9329241885836	5728.123846764069	7256.811371076807	431.63803544817426	70.48388731917326	1828.4591725474288	8383.886135589715	8967.67586803978	523.6704868386332	1665.7956763769023	4013.7858452661126	5091.302504080567	8516.008754206627	7315.409837741864	9024.161113165459	208.909372596215	1409.8440236513823	4601.694852315059	8236.693511644224	8564.39327957219	1689.256405970332	6199.091248393344	5139.654569504667	4051.2121963371146	5439.6607273589225
1	529.0450584697498	1590.1064919469204	2271.093186868477	244.4599539438782	840.4100871325841	598.6421200130159	1346.1206114132508	3524.6472136418547	1293.269471182285	69.74077235268062	2632.9690538559244	863.9327553488015	941.2432860481497	2192.2464255223763	2041.905878712477	992.23113738455	3477.3928847471448	2001.9973040895438	1554.731316272964	1895.6378930425337	2121.678337117927	2560.1857772303683	776.9185916982254	1455.6969709520563	1701.9597949399247
4	744.6419005840529	365.3787213397105	161.18516979697495	747.0966000760608	714.8573641211178	736.9250656859037	336.33248201066795	0.7574054550518706	612.2343964349424	747.2492216046631	50.80057072529206	709.7586603488986	707.9307841441233	97.7956266365988	172.96796807551033	546.737732826691	2.217134147260444	230.79446437890178	480.25380982007744	146.13394791666337	184.8414479124625	91.68136875033532	727.0666410549046	465.0053242602487	333.01413526203174
2	4902.442208217712	1534.0361814369649	2013.8050660852095	2793.9923910559232	2028.0926316680382	3236.0458543469954	4546.85382565614	4435.3722042610925	1789.0528446357278	1418.4843579074773	4711.678345841395	4574.2009291233	4052.7755848597967	495.4629697556962	2844.241060945971	2934.2688981445663	4337.122114567968	2153.8751498317943	2998.836359415322	440.46087824239305	4845.91396543064	3161.2562189883624	2922.2830390145896	4078.552376042361	4588.11568784959
20	112.25767621386358	792.8531348024617	40.180310488195815	1150.8048700882712	827.4970282394916	51.79681913964176	90.39796273978614	53.43411478491822	939.1293132496163	1639.6594676340103	393.582170909757	78.17146916685697	2.165171345580037	404.3297929008615	122.05698915215324	1087.9840884686528	35.01200078093461	465.9134286732498	168.35349526260674	297.88066977277583	533.4605388166815	72.34303338581634	702.8041385560323	155.38783139442708	7.10062011790118
3	11199.204055455353	9560.397711736588	5907.3514395928105	2318.189924968277	346.51746741487716	12674.894573297137	4521.989424401569	10336.306318473302	7.605228705471332	5475.756232399561	1959.5195236851548	5500.760216519064	741.7148649624876	1870.2936190516168	11494.133430912801	7671.782493149424	9171.793245202414	5454.957814930188	1563.2674456173083	10491.894567124238	3453.016483461516	12564.652343473781	6664.314890644465	12576.737966700046	10261.183203817649
22	122.17169713416554	80.97821005003297	168.4395803129174	270.3907422132142	1075.6345928140206	35.84416699232791	702.037903095828	59.536000640706845	167.25751931257304	830.3975458226969	219.47362784793296	700.5182048306496	540.2093684310321	1027.9758290285097	23.078250221866437	192.0763323373153	289.3845024778662	856.3469961038119	201.19104790820046	202.8999957843199	296.6265972981028	116.61492257834225	203.18695061924225	85.8984548468763	223.62387899542503
5	684.4590568905855	1352.6080809402292	610.3096775992582	2022.4134388142463	954.7799763741452	113.04096254839294	1991.7751535032223	1407.7339981188932	993.9056811913736	1429.4036349283033	1991.092540590162	695.2890260865603	185.0768628404301	1498.3347096742937	1889.802993657536	1898.119573463004	146.197141993348	840.9553575447146	1936.2799703880075	1615.1615876466212	1983.737180247323	613.6907218388154	1976.346272329686	729.0221879686455	14.609095742181436
17	2445.241584916123	1099.7434822268092	259.5643365036759	2445.101970041565	2445.241584916123	2391.0602708948677	69.5916102506535	6.538828159450411	2444.814566695904	2425.325487935559	1644.7295172067973	1335.1553898142715	51.62975781330891	320.51973692726267	0.17851558504339524	2445.241584916123	2427.1356770174566	1465.505815808105	128.11439913089404	49.03398130720181	2374.852719700364	563.7314400035617	1520.8968712543492	1616.9095491885512	570.7324901037099
7	921.462516169269	1491.7623347717188	1055.0972032453471	2956.0601569186106	1971.8243068338807	760.4915904781288	3798.2583224320892	2697.828422316618	2783.238448004539	3245.5236533614316	2207.8297655143856	2092.815553087475	2483.104599115937	556.1258482256178	1302.6347491792444	2871.2363718932693	1976.2263679993723	1701.0734738269157	1451.4644995150325	1222.8028686392151	1076.3891338522758	2751.952263170963	1908.331044365712	901.2178659574371	1300.4192891929433
10	3246.8097891066986	2725.296676994443	3468.952820454874	208.69891774288953	1459.1636502217123	4585.292595870305	4.554429713438306	319.28092377364146	236.5600903244579	140.964491573143	1096.1351312846134	1394.0571981341686	642.8760452677218	4596.3694854410105	3686.595112324856	516.8309283827912	1413.9419328406727	2371.045264467459	3180.3316887843753	3188.0838740519193	3672.2224635688763	502.6397705468982	1691.582118087139	3886.3353465347095	3300.8981339393677
8	1056.3679639881725	1567.4023553836466	2117.2635999812223	322.8372196502065	1770.7158260528145	1693.0475004067357	2158.885664265048	464.1855637651376	960.1560027605068	328.5528827404776	653.6405445823624	2041.8877902785302	1367.148764719394	753.204868593925	641.1920923346122	241.72671369648967	2064.175613193917	400.55347251342033	981.1504491996347	2482.6937434009888	1328.4507902141092	655.3828273940626	1634.792154732898	2469.798696541172	1179.6157859451096
19	37.29911787375066	46.54580724509047	137.06024350496867	317.6127938602358	211.52232425644002	201.17266025253173	117.93908078638924	55.38976886546227	27.398833740298684	660.0481189302836	644.4100411598588	113.91827245161538	398.67051672603066	277.12406639603853	69.800997115378	471.74887736651135	129.5610689535854	484.3782452309527	99.53851881145967	59.34011073338417	136.90143738570043	348.3180209802736	87.79170625406923	62.533623209322684	429.08307037160205
24	59.0265506748288	2.5526592319306403	11.828207991743197	9.358460212658596	20.327464130038834	24.713005603094494	12.937061401092695	6.235159412839134	12.531436780218904	117.71250874939285	26.987529580286193	10.6104527836134	56.038467487697346	102.44084813453111	54.71539110589467	13.631676415490713	19.74868450754155	24.089231442885893	39.2825313527717	6.112456765744913	17.662241904860156	33.534077641722234	13.041879807458022	1.1101631507044942	64.39199962821478
9	5925.704018938388	6616.386221814079	8444.686944910107	8699.955024987195	1821.854924986332	7320.226373990222	2632.422047909493	6697.942009206826	10436.026365595146	2552.1603974744758	8846.01519586006	1979.4107629839602	5997.8289134604765	1788.054834100579	9988.889576781869	6012.050683156343	616.511284396783	1122.0638922526466	9665.619843757142	3464.3680447861043	7798.124609155125	4562.573426124588	7504.125016354613	5702.671859502028	2734.961040185405
18	4087.9272717881636	2640.7115639575486	1808.2901862999593	1844.5149786071177	11734.89219877794	1782.1849951051013	9849.013068771781	2918.0652213263593	51.55333427042455	12473.616327661755	744.8997917197053	11604.12309787737	3587.421857791089	13205.352954885777	463.991126799201	4661.2524218781955	14103.355818699727	13725.971934100246	482.69251206070896	8439.061709932022	2145.39887509596	5576.532351549684	2272.6039754135563	4457.754603030253	11568.780145959603
11	8943.233105826272	12282.842413069196	12064.498637829496	2617.4141222729977	5307.968808048476	9164.818582980097	2342.5965810826538	2935.028827957941	1598.1405937180118	348.2115686212178	3740.9740613096483	6976.245076442496	1295.7227577329961	3363.061640373897	3770.961544917307	8806.510067819998	12427.465661244938	798.7075772710886	12746.431363826261	6808.328596956285	11874.731380097493	12143.0509439302	10978.000792808436	3150.7349881739283	10443.213377371108
13	65.15596583358652	217.57110026713636	1176.7858378007347	5497.454125635914	4982.302479782922	677.6456964601476	8196.073919034472	4222.024771797965	7957.38044799006	8806.467058408523	2191.753624276659	3473.697537210651	4916.316619579227	4991.345629874158	318.9555200409666	2255.562292536628	480.11667591230986	8315.788703047241	1165.7691799018874	897.1318278432594	1447.7620370548764	956.0014199631115	1666.3769180308939	6069.174216269456	2670.486420984792
12	10.758937400565735	120.69558308000119	402.8435929399774	430.55104356309755	579.6356112299186	233.7203464367558	650.4281282080309	329.9491024291452	522.6813851590955	577.0250245434019	194.49516421949386	514.5287861246966	310.2987162360515	360.7607887073731	39.12837452048245	601.4596471457509	172.2921012137889	587.3462350282712	453.85845009290017	185.81289600697784	610.6019588553237	286.30863727241905	605.4534610690572	454.3973926610574	578.6133055870371
21	3360.289971070955	3360.289971070955	3346.1479832910613	874.3643940905444	784.35374839622	3356.4927182104793	99.10433589340896	1799.7309426294894	217.4698155666052	68.91464384755854	3146.433210334284	1937.270871893377	1636.7466295631248	1508.039400933409	3360.1743909635247	3217.5386919593575	3360.012794732987	80.68602624589796	3341.4556691182115	3352.257673066123	3294.8335384789707	3351.736930073455	3282.652380247572	557.1507545482652	2712.1244008431972
14	1245.1318291900375	4646.360571712465	2312.5345483732503	1551.6565476346022	4768.457662443094	3066.4683896789106	1663.5749273545105	1829.9523528316433	572.1373049748421	568.9240769620685	3410.670040627695	560.9900121921207	3268.7812298967515	3906.180908789323	3521.62285792895	1128.5713189902226	1063.0069371418458	2232.947897118417	3330.718745985857	1034.4174733478344	5020.089621982244	1313.17281479787	873.4643654481777	1550.8545714867191	1233.2310705761283
23	351.8159533064437	17.599610283701555	232.50534948155843	417.74085868771306	18.286259784758112	111.65865767792512	320.26835474093144	369.1477500955284	452.87391107217445	452.5764941816584	129.7112283503126	453.1137373390273	151.36567622412386	95.88928335144587	105.39617589434269	436.04503210355995	443.1104465834971	283.2369120075042	111.1128938048181	440.75363984138215	0.30624710651922676	415.80218711229014	450.2946747952033	333.3750717148594	419.35309923716153
15	236.21738173677875	1864.5014872953811	287.1431684062605	1898.5081347479988	524.0713624635578	337.063952632517	347.8547098290492	1968.1989357220953	1733.6171067886012	436.26896761023886	1431.8292164542518	373.0777272133605	606.7387622730565	159.02763964824314	1098.9161466740861	1801.407783383911	570.5157525238026	1347.6798174493538	989.8921915871985	323.7943377888209	1155.9099748941042	1273.9448885571476	993.3040889717878	1303.2150660122866	534.9647584728865
16	1092.3984209308676	1499.3570136660512	5873.7928550618535	2376.8309936122887	5929.699953866774	3873.4963944424762	3815.740329364262	1342.3258343423736	407.6955266110207	5401.1755933768445	4668.395967378564	5481.890657782136	4579.33548266433	2474.2403542753036	1553.69290725759	2498.5078031850285	2787.756722860006	3223.719903212627	1715.5242306742543	4785.345953295961	2193.609343346343	2646.701445447068	2309.673388729386	5160.099229491577	5721.202250370962
