GENE	exp_0_smpl_0	exp_1_smpl_0	exp_2_smpl_0	exp_3_smpl_0	exp_4_smpl_0	exp_5_smpl_0	exp_6_smpl_0	exp_7_smpl_0	exp_8_smpl_0	exp_9_smpl_0	exp_10_smpl_0	exp_11_smpl_0	exp_12_smpl_0	exp_13_smpl_0	exp_14_smpl_0	exp_15_smpl_0	exp_16_smpl_0	exp_17_smpl_0	exp_18_smpl_0	exp_19_smpl_0
0	0.937602316872392	0.8421883871285775	0.045931659324082934	0.016364918847801193	0.7950181686549058	0.006198575796475309	0.49643722352379577	0.5594937510986179	0.25263105466228725	0.8489687980565727	0.6845012196354404	0.5119474629328346	0.2380017523350522	0.6986578593724003	0.13503239798179453	0.17855810442869366	0.2607344407094812	0.07292756857943983	0.2157922738251906	0.8047290516925116
24	0.0021750626564859847	0.08208846275708742	0.013147943427699572	0.009151694416162265	0.0014669736685391798	0.09976448258772058	0.003394389357140356	0.007010054585261219	0.1411067941387392	0.03043442773505398	0.04172991145597735	0.013578769352081745	0.5191362174218783	0.005016436233539498	0.011252819085560502	0.017724958834566026	0.13555712036421966	0.09656327425940614	0.003389325720152415	0.04796418532390112
1	0.12788232227225807	0.7871705556640642	0.4074435924586812	0.47922123852680526	0.006782611302359674	0.9720922994088017	0.6902645649537791	0.18158356151201815	0.7769030258251539	0.4756468920502614	0.22549549457662724	0.029767119437916448	0.29141967126132334	0.37192371880467023	0.11754146815756247	0.055514396273517966	0.24569391471712862	0.5131648915563021	0.3947012095230682	0.4508915132337313
7	0.8623515284708622	0.2222809128954902	0.6317956643113726	0.4955397366388658	0.9998252170241169	0.018451841567489063	0.3318946983803546	0.7669893342668241	0.15999134166074566	0.498495722903633	0.8432669790551591	0.9973329677817008	0.6163837369889232	0.7294357996280185	0.8911382802318091	0.9889421862503441	0.727871201217828	0.38950013839952496	0.5586474344378776	0.438393246608021
2	0.9887619485011434	0.3706736403188392	0.9924057265822043	0.643529958247691	0.9047450108414282	0.49245537698922637	0.6170451615245929	0.9442597999231302	0.3361908755106757	0.15159713938808048	0.3261052593333064	0.5404973395332588	0.49240733499941297	0.6651005175503116	0.5978398020412261	0.9791522054506226	0.3079731969607606	0.24678531048161198	0.8145977373955485	0.40231104633221987
3	0.0023866657741580515	0.669442104871859	0.0018211230590941643	0.2035226504687753	0.06986977128417864	0.4242371196201868	0.12609049522448904	0.02304872166608825	0.9012877086237403	0.9894013294841406	0.8756728223383754	0.28315059922522684	0.7289151459606374	0.15565621762932239	0.29686973571847763	0.010493470665482115	0.7976807264364311	0.9115803217553717	0.1064302065939729	0.6308805747363906
4	0.9955776487689527	0.1794886215303813	0.9973034882360797	0.8836732477268028	0.8689616211809391	0.47282360162748405	0.7608737540024811	0.9644396984029209	0.126360562945075	0.01073984625131737	0.12883838932532782	0.8735538017553748	0.3241510702832137	0.7588677102048672	0.8214552604277456	0.9843228738783003	0.13189733748558102	0.10467647839041115	0.9053789471975009	0.25362933876554195
9	0.9999995	0.055172741654521615	0.9999995	0.9770741350320508	0.9991047937662295	0.3301816299342034	0.994875248438135	0.9999995	0.017993415092327263	0.0013507448714506905	0.02165248951845838	0.821136034563056	0.1290139617396716	0.9613726261673594	0.8420763256170765	0.9999995	0.01797711402212076	0.017843751500607307	0.990877796514078	0.19132323494319395
15	0.9999995	0.10246053264892284	0.9999995	0.9698367348679708	0.9982041823079361	0.6445728063085857	0.9920210055507254	0.999945530667305	0.041806215725724474	0.002991566072969994	0.060942712002679776	0.9542853618480445	0.15920104312231112	0.9732280138487165	0.8447354661568275	0.9999995	0.03636998438558061	0.03180233142889845	0.9856972162397936	0.26811822041655836
10	0.042582551431781905	0.2601727252880867	0.060076216550915586	0.03406923883904545	0.09684381242598465	0.6662892280236882	0.032864668705047693	0.03755163469503681	0.8726678881763514	0.4214530318718739	0.8618193385627808	0.14571862034811564	0.4657741295487251	0.044251041361218775	0.13548071490715194	0.0067603988465970094	0.9541009089915296	0.9849149832779466	0.03922544198060786	0.2645239634117803
11	0.05477146656630535	0.6976991439890151	0.06662009901372189	0.15034952852562586	0.09261946699155113	0.18676099281593944	0.1266898810904931	0.0498294184314582	0.3116680909780247	0.5017892588549029	0.23182615064162726	0.1357179723819482	0.4582941135994684	0.1942216209090882	0.10419746898622176	0.08192719787228149	0.24782456009775586	0.15984654767964046	0.10782232247964796	0.7316275661664654
5	0.7534694946573985	0.6172900564956939	0.7217564056560661	0.7411070227570925	0.6195084228519877	0.6582483337790469	0.4004967916056948	0.6102358489532232	3.348752465838792E-4	0.33026636992267255	0.9254929916290282	0.29736528036230025	0.01335400338628659	0.10642048428011334	0.8899096056875629	0.18081957062466691	0.2264671743209266	0.1265415740475805	0.9940445180730508	0.1531799254035271
6	0.23829226694645386	0.4541321889874816	0.1696412459323844	0.22809731495512675	0.45076257797810587	0.2965204801061746	0.6014093915597805	0.3722310613293504	0.9999995	0.9075228100339197	0.055859652230969205	0.9776220101781583	0.9999995	0.9995484667246249	0.05869433625194367	0.995703907142065	0.9839961488604702	0.9991558321821157	0.0021264881211208193	0.9983170631066358
18	0.19724529557469794	0.3153610124093922	0.16574481784130965	0.17424445218176435	0.3474257261627228	0.30163132552956257	0.4628357135828588	0.30083366283562385	0.9999995	0.9215592651769762	0.06372809582498051	0.8075392050094239	0.9999376280163835	0.9856288354161441	0.09485963389562185	0.9443688010022943	0.7705773254042069	0.9840965472929661	0.002859382696503296	0.9746329841909372
8	0.2891208685129193	0.8428135212378647	0.33347811192210497	0.727122077142997	0.2517987674152784	0.1010797971629776	0.7812046355302267	0.6156295340850408	0.4785179342996751	0.5839853157033107	0.42966142837425464	0.18405936845727716	0.4772344188975261	0.9053539250886447	0.22156076429361501	0.8267929543499405	0.18535899923728352	0.0016068407887351195	0.5668166439634862	0.745753367653032
22	0.21174000868150086	0.06116584508729907	0.957742116802988	0.04707923249442953	0.48962796747223714	0.6111000160133724	0.17842324211125954	0.319328995437277	0.18302019156148155	0.18115947302048677	0.7573429793259951	0.7661056873140746	0.6072325062198887	0.007317471095097344	0.41003479932776027	0.02054809249230309	0.956411085704069	0.9302513873887229	0.14032936788819675	0.02084725319166686
20	0.10117066842223786	0.9668680505494682	0.040402973762111154	0.99661728768634	0.22409647600501667	0.3664802508595592	0.9491652074684681	0.027248155024025177	0.0899061875626345	0.7243849461001891	0.17635492134990927	0.9895764352101135	0.4660460579305798	0.1812847755986677	0.3295330291801621	0.06330725893388978	0.0848530723731993	2.3999665132131348E-4	0.9999399648742675	0.9584665758673495
12	0.33300701804108684	0.8164597500175875	0.5422483213820829	0.2729537083972599	0.6294699530502054	0.7327373812675259	0.12528132074787945	0.5322489014106401	0.989709883651097	0.5419183349260708	0.4689213740859315	0.22331413556768656	0.31036098811707064	0.1512467281248934	0.7988766130637776	0.15206806099850464	0.27075435666473113	0.3642549612779166	0.9242683121428547	0.7326680864514934
14	0.8429308243729938	0.06639737181392183	0.23879390252687455	0.7752765283970122	0.19942810559036203	0.06343171755555914	0.9905875670073865	0.18723241474398794	0.0017192748920440138	0.3707973920272462	0.492900095060318	0.7945415731796567	0.8970051877309754	0.9823144567283254	0.064701362481312	0.9919564187870877	0.9189467713486681	0.8715010762260498	0.009329239867124065	0.0958442290096673
13	0.4298053756350874	0.7693223729911034	0.348243197744083	0.8311875557862152	0.5101564583038073	0.7263503829237377	0.613777560730999	0.1508260808486882	0.6525287213092156	0.7788459582667848	0.5930196996219389	0.9380549107180204	0.584119591103007	0.5041549981298723	0.5193025512848591	0.35567466326330444	0.575457439097496	0.16513878719749975	0.9831774860332393	0.6608582904577858
19	0.6911354630224258	0.09380922952766334	0.8522278300975048	0.09802963387142112	0.5134070291175247	0.23484295086656526	0.2506121796629637	0.9979843020191795	0.6128581835867167	0.09509811182186809	0.32561859975088886	0.04819323122169364	0.2818766617430392	0.5327767061327812	0.5175993747705854	0.7504734976101618	0.44823868298975517	0.9910031896821637	0.005084881403334438	0.2074939686513482
16	0.6986235572170233	0.7498363380037949	0.35300503330522787	0.23932565699067154	0.828427311646966	0.3968699256689595	0.5877948089600796	0.3444398645100618	0.5269810456457102	0.518440841812055	0.8785722635442129	0.0764977003126498	0.5927016131017492	0.7891942755426616	0.5680673720231654	0.5341161233366278	0.433369006434908	0.29141383555781153	0.8281429098390171	0.9653165668189588
17	0.60691770157765	0.8898868040321596	0.3231544440381297	0.10849842447257715	0.9062605996430669	0.2825828921213637	0.6455504129671487	0.34224608066580137	0.5110710405476147	0.5233294651420921	0.8893453923821172	0.011104049989250252	0.7490029371224478	0.9083133666323715	0.522952140865259	0.5232164761904821	0.3764378216229152	0.16388007074260533	0.8155304669831362	0.9750181448434655
21	0.7211037937674276	0.31418905292602056	0.11227970097240748	0.33439869724589477	0.39201708471254204	0.39680441127502425	0.0641540938859563	0.49299799004723893	0.7614924544996698	0.09130385316633745	0.08676432236776843	0.39877527257078005	0.1997217729502079	0.9212116130675254	0.6191843406845073	0.7056302116118218	0.34769670311255824	0.33721456204538935	0.48466800600287846	0.9207414934257544
23	0.021846670028809995	0.3297217244615056	0.14005593612243206	0.46926132145721683	0.4759773826071356	0.5386023932043479	0.7082249655183772	0.0917864558853196	0.7173454736409814	0.5516110253751698	0.930381639532362	0.41356130993202683	0.04706379873481841	0.05692042098309628	0.5549119730472886	0.15525175148948983	0.48629774385873764	0.7115443203569936	0.9021202067621228	0.6230957132985395
