GENE	exp_0_smpl_0	exp_1_smpl_0	exp_2_smpl_0	exp_3_smpl_0	exp_4_smpl_0	exp_5_smpl_0	exp_6_smpl_0	exp_7_smpl_0	exp_8_smpl_0	exp_9_smpl_0	exp_10_smpl_0	exp_11_smpl_0	exp_12_smpl_0	exp_13_smpl_0	exp_14_smpl_0	exp_15_smpl_0	exp_16_smpl_0	exp_17_smpl_0	exp_18_smpl_0	exp_19_smpl_0
0	12830.414432876934	5523.142663702072	2626.0469750168413	13067.493786643403	13412.490310931335	10865.435795770845	2615.033497692706	547.0355173893114	11650.779597029526	9373.118335955629	5808.450093902018	4035.6681294259292	1911.5159510284582	3353.409848190459	135.1710086045916	12610.36330498929	8854.075415591142	5630.295096180938	1634.5636119859162	1619.479580238029
17	587.1334550964552	1102.2242258990511	4462.647499141083	2.821603592156194	562.4560259858889	1278.1197215823574	463.0843133668987	114.52641566989755	408.65037260362726	48.1587381322641	56.325058313626926	2987.901209805744	2837.67004578678	964.1552473757939	186.651500379705	3.08806795320942	1814.6106267480918	248.5837068810914	338.02292449074406	1072.954281383995
1	109.63736872998717	386.54867192341106	582.0025650964703	43.39937988421333	196.96194715622337	115.96410942591396	291.25088754769166	765.9016645806183	228.89435332835362	16.69048055946896	568.6083630456967	234.02386714144018	199.3769398984981	358.9343696573706	404.8523546365258	208.2828374883314	758.6415454737767	436.87375545324915	346.87452119463785	416.75614904098813
12	461.9730215438804	444.85399130693673	35.23802772978836	1571.7704735192929	98.38840483340829	424.20983068683194	119.31409333848971	139.396200060733	693.3786021689341	1575.2068809608227	364.5818561101442	157.88100969467814	598.407408048629	691.4534481064945	882.5843996023772	1463.393753233595	7.904881118533479	813.2721837258417	826.5371429314033	18.893755996681264
2	12816.56596207831	3439.377044535666	4512.946325309709	8536.621941419031	4976.106667744543	8359.928373799856	11801.325844239951	11363.575830377787	5129.7346954124005	3408.076115818774	12405.176529326574	11437.032491784574	11452.194143160621	1643.1574833950824	8203.756246604567	8178.979561182414	9634.632178325628	6127.353341380739	8361.741673692926	1321.071098089386
20	88.05654253382582	828.3356791919254	739.4575098893508	32.00150791095343	20.395911355019127	361.19064004402	44.4875937524434	185.60135270244842	111.2298320322742	1342.7683467415281	2.412564824278805	127.68135067105942	4.628173421321716	89.15708618003757	170.95558165323422	562.330986754836	344.29813117098183	255.17871053852292	16.457464081639497	2254.1975505741225
3	5413.7575347891025	5386.955625553786	3110.557598335784	1183.4103446077136	160.82982570283733	6767.677529820174	2351.3352032176595	5461.358300799016	3.76884887598813	3145.8229805323926	1072.013133796696	3519.3670721724984	405.30032571738116	1189.7295297438147	5528.207140425121	4088.206746087694	4331.7189652139505	2833.72862770944	803.2355664485355	4875.385032705095
4	518.3517792289045	806.9900075456301	318.9916832340491	1330.5537518978463	594.7452928417187	83.32387075365988	1301.6872877282412	870.949036083507	740.8400946842946	880.2798834362861	1311.5582109603395	418.5038344895974	165.63687989488423	720.0140115072846	1243.8680340028855	1224.7273709835613	116.91151021595591	471.0656971819468	1268.907750730552	878.2140555221346
13	529.3114699469417	582.9240405438959	342.88157129703546	101.4827632497576	37.07871049237967	676.4757912764843	24.79805501901581	713.4462112072883	144.34682276792694	189.66787816205925	573.2620227681531	153.6887068752539	2251.5954418860656	141.1794870892251	222.20841547764297	54.86595974061203	1198.70788839336	81.15846262254358	20.840887901457393	343.99453686126867
5	4044.486892703717	6485.17786290059	5182.439698112766	12097.122685396507	6350.955638824079	2818.5342031924606	14745.360618514454	12739.53664584014	12025.290051682447	12827.338340784052	11298.54710150339	8372.345192760526	10807.89782684475	1610.506529479149	4809.032031126858	12891.485306172419	7849.610455230807	6554.025301860192	4618.471557757262	6334.930075630272
8	6492.76290839491	4605.724366256802	5925.939758782455	559.2422914946699	5275.659395088691	6848.557345487498	16.425152129245443	503.8066821006114	675.8097877905113	327.2711587700316	1048.002362054495	3009.7146759672814	1225.8335869527834	6988.313022359493	5067.24152442543	842.2811938886215	3500.5040718916507	4937.168288551121	6076.3490336685545	4572.422048910719
16	522.3166814535161	333.6108749832537	594.5415259317524	5.089793767075206	127.78489625248369	747.0738992168461	1.05460274695293	5.960454095511558	2.474637985292809	0.6426011499756719	11.661207000484335	93.1417301640326	3.668582947133888	135.49517500642034	196.77761291981733	45.10099218374294	217.45232452926473	22.22665394520652	577.6928793749224	332.8706549407847
6	1056.153701363916	1161.361326516811	1808.4208740648255	310.23228346793996	1719.946756700446	1216.7487836741457	1658.89206028689	381.6152963635854	866.2826979955943	299.2528681274387	508.73183119030085	1506.1014810657318	1106.0722209045568	705.8503365620415	571.3511095696144	214.02657784051894	1927.209189923459	320.96892817434514	839.5025323730279	2076.118528157368
7	1514.7230325600742	2080.2222060692184	2509.0668759677583	1957.5356327552668	488.71833519478724	2314.7381089905903	821.3339729487913	1985.047590500374	2847.261449614645	642.6703837361382	2623.9909528246376	580.486985462288	1718.167614873532	574.4943040053784	2772.162569551298	1717.0750967517324	155.5783529239331	351.94090152828034	2756.1670037894673	821.1504748314065
15	994.9859966853518	534.865739912116	239.85778486803213	496.2223841297831	2584.6975010394253	396.3972701977854	2039.4860400039543	325.72758825111816	6.410977029374431	2330.397042952305	86.08011749062686	2583.3981242201294	1025.519504710461	2348.362279642158	27.875147704287315	973.5039930231245	2676.0893463103075	2639.9804160840845	23.90471731589618	2277.7667041115046
21	352.01009317963894	60.06412133772982	414.5474166173823	535.3954746182947	6.921353388473095	210.51896719885792	156.44349465315415	535.9005097038394	871.3331786311843	237.43916755381366	133.28816355927287	132.1114626646469	129.72352927379353	43.67862398166308	160.77486352009998	481.6262070161091	58.82239335723601	55.23262797228224	244.06738761013307	260.92813880650334
9	331.7656946762358	384.65746483747523	401.60377142007263	92.35271617047616	144.75112154428106	358.040932537001	73.96475504145711	106.51863205784655	53.8671140068227	13.444642260499945	136.12692295100797	231.7656330129805	42.89711920074756	137.06554641922634	142.32282784750512	314.3280030469231	407.9414705969927	28.551229915697306	415.90337809040903	240.71758885078862
10	277.4991454049171	3857.67970830227	10019.891475433617	12862.879299961596	18234.730810290133	5787.854713703433	18976.75937297443	7402.724377304913	17197.34311065197	13469.869854959321	4337.510832628488	16116.341094393645	7562.15859877944	9341.577594162336	799.6147157719097	15073.994519238842	5861.20772539674	15174.386564048424	13578.409926591636	3693.7471384922173
11	456.151087158763	1035.6721637456676	593.7451855824874	323.09072896252127	1051.5632666920926	624.5707774149603	425.87221893152974	412.38500469893614	183.42137936505068	148.62196668868788	901.0589921790325	124.4276169273892	816.8892790571621	773.7735144976739	930.8580977257252	289.81624377396275	259.7791148841688	481.32239180606666	760.6082344390102	281.7922793516109
18	4620.4732166677495	4523.298538561825	4839.935060514417	4903.464493757994	4907.993698489173	4397.951946436781	4908.251921879289	4233.034036705248	4897.004932697853	4889.104200334373	4506.578595697409	4893.056998191043	1066.4749983901986	4900.431896606914	4871.8983739870055	4907.129902978918	2355.3389583299804	4904.5972635787975	4908.340021359643	4797.235600394992
14	342.1870974166506	3255.4497394337723	551.5793156704675	3236.0407943835785	798.6839727043879	752.7843584832232	598.7461447970948	3283.94138115884	2419.3343460702877	573.2969434561137	2339.739942285879	498.7640469008133	1023.1537887682479	215.97274297835588	1890.9270946689835	2859.331183175874	1065.8357237968912	2590.8008716438994	1642.1166983466153	591.1593650209095
23	7448.386285783978	640.5217094625442	1518.928262916844	703.6787083355233	1742.6810799568277	3411.4902427693637	3652.839173397363	761.6310720847737	2876.5120098308316	1957.7488743446902	558.5386043774212	1625.88347486322	3121.410023531522	7041.631627468943	5107.726875479245	884.3478206593205	4858.760564707111	1083.616573526871	4110.222481980689	2110.06269655267
19	186.01168315321382	1097.3246950535329	118.73450963096886	1509.7177535392457	1499.776380254662	42.366057117816744	1509.7177535392457	1509.7177535392457	1509.7177535392457	1509.7177535392457	1509.7177535392457	1507.9840893052815	1509.7177535392457	1489.746287215812	1481.2975916116122	1509.6682804287382	1429.810408626014	1509.7177535392457	168.0641213232906	1057.2961232061398
24	5875.104576757929	5330.768220262981	5541.347617621478	5875.501772724013	5875.501772724013	5840.175033828355	5875.501772724013	5870.038952073867	5874.327222760288	5273.7744257089635	5875.501772724013	5873.865346757589	5875.501772724013	5875.06011745588	5872.123950699098	5720.607261048092	5856.735392037059	5864.241589708894	5875.501772724013	1655.9472988915359
22	4908.3734416850275	6823.0029649697835	26973.167130107027	10985.7497671999	27226.337801032696	17950.788338724753	17475.710259142797	6127.418587105247	1799.7717638926263	24983.685306735486	21390.388965235143	25426.869941429075	21160.159444498917	11526.938100351512	7232.025880672223	11308.10656311919	12946.817600334778	15105.987961263749	7914.766648839217	21725.272913335
