GENE	exp_0_smpl_0	exp_1_smpl_0	exp_2_smpl_0	exp_3_smpl_0	exp_4_smpl_0	exp_5_smpl_0	exp_6_smpl_0	exp_7_smpl_0	exp_8_smpl_0	exp_9_smpl_0	exp_10_smpl_0	exp_11_smpl_0	exp_12_smpl_0	exp_13_smpl_0	exp_14_smpl_0	exp_15_smpl_0	exp_16_smpl_0	exp_17_smpl_0	exp_18_smpl_0	exp_19_smpl_0
0	0.9237809542473194	0.41014504891562975	0.1938646372336072	0.9497086571647945	0.9834005226642237	0.7709218000494539	0.19744285156320998	0.0405239520948965	0.8580044343278247	0.7008633492336249	0.43666796094094784	0.32239232907026	0.13764530725010496	0.2401263609672766	0.009783878862780843	0.9320132562121539	0.6527685851571073	0.43395626353398464	0.12571379377803868	0.12254343849665213
13	0.03842594857900854	0.23766169006472831	0.019349566056865983	0.07479034496340276	0.04614601314797231	0.007152754923978306	0.07026535870947073	0.2440213242991125	0.04182617267607798	0.08092451175409432	0.1581739099990466	0.01591768093957171	0.009508491916659548	0.6234706673799392	0.6214997448074016	0.07929704060609898	0.0028971136930164704	0.14458987967705902	0.4595757755920413	0.13142587810132794
1	0.13311358576847898	0.49800848307372125	0.7071371428043841	0.05854764489075755	0.24770338431852104	0.15928677052516416	0.4046866395942807	0.9925745445446451	0.2983803120217116	0.020220196359043	0.7453906156790578	0.3054417600913102	0.2555383184368429	0.5019779475363787	0.5420212419387074	0.28261384463128597	0.9828574438135708	0.562957977603388	0.4362923012844837	0.5589289860118801
24	0.3156973215937036	0.5208383915898375	0.0038448037155624517	0.8175623217114107	0.07264359696635476	0.028044873151839688	0.23433952734729277	0.09379162118211194	0.5929073762585617	0.14808264133106094	0.05760390889091002	0.030250456230985268	0.014899226028939954	0.4503570234534414	0.5135032884179392	0.6179350711493105	0.003909550852352711	0.12439343966816113	0.7031065357524223	0.06786103799613262
2	0.9855644247943732	0.3016933444751152	0.36905728806224897	0.634476280775802	0.35341387478598607	0.6975891091324858	0.9179489386808605	0.8320112443056353	0.4484639720207688	0.24728473109822882	0.9467572110738202	0.8816323723028141	0.8627420922260243	0.1085242182279011	0.5716368937269671	0.660523077737913	0.8574836462502565	0.44694122092219796	0.5621488782097376	0.09600097109292857
7	0.002364857002890551	0.07434910928076069	0.32718057114180904	0.16951653116557086	0.643145196963077	0.0055021073911043945	0.0401362885238134	0.005733264430442813	0.4714846712050886	0.5852161143118286	0.043494676268084176	0.03137164690821898	0.06618388423108683	0.9905157271582963	0.02349728893199498	0.042303645575193276	0.011019437447529605	0.36913723030583784	0.30043804357477727	0.11280806213088229
3	0.8424188193987906	0.793162238521099	0.45766086261182787	0.17626861626665177	0.024201412145943155	0.9962025716988336	0.37961545617422804	0.7456921245912995	5.969400091725596E-4	0.40986506260955885	0.1444517339161647	0.4629777957791703	0.05606578234397533	0.15440998526053062	0.8374242884606339	0.598092038657343	0.6398260545558041	0.37497611288065336	0.12520777144398174	0.7668432714008978
21	0.26202367671699067	0.21148695377600643	0.08848533351822774	0.0462115600315851	0.021679625643876904	0.31788012681849076	0.21621958485989215	0.7354970424857885	0.04749218839543727	0.34550384729300876	0.03568102346543318	0.15585734596744794	0.04903734884673171	0.030717041318945086	0.6247351737785066	0.2150612628005754	0.13204047628456952	0.1916360944394342	4.17696604131426E-4	0.352135407499625
4	0.386012998736303	0.6134308133822218	0.27059681573330724	0.9935129451174013	0.5467303398597105	0.055702833377275926	0.9756825046326002	0.6531655241712062	0.48865735434574925	0.6270424747396299	0.9743145234832936	0.2974010503399493	0.09718409974636748	0.6500004944249697	0.9252488909897731	0.9295478283744473	0.07893146420147087	0.3633516355046964	0.9032933019291183	0.8254828519663512
9	0.5744562478728816	0.2330734970314431	0.7918888614657786	0.0021509505961379	0.2989126494418821	0.9810205869490621	0.007224720611815602	0.1827973175988592	0.36223446213370997	0.22041753157456295	0.009972157691204074	0.647139078410956	0.9337992042893152	0.20728052739833022	0.022728098691671653	0.025271722994006582	0.959149725440941	0.5142433054788405	0.030428351988159855	0.07653466833472658
5	0.23849106020305377	0.4509240893461083	0.326087043681434	0.7074833027714696	0.47037930231659025	0.20239072377588174	0.9940085632794717	0.8187347148829682	0.6836520884397717	0.9462988940750372	0.7502991124831254	0.6020113193864871	0.6672067767224912	0.14833018398084707	0.3961266335371331	0.8161643527336545	0.5110584296057864	0.5090924021002552	0.3798845118245994	0.3622889274545601
6	0.5231970305354336	0.479436138757448	0.8016901023070909	0.13166580709008183	0.6415607754308131	0.6677983955182017	0.6500005123980737	0.17231188998829156	0.46926898334172396	0.12801906129709578	0.272577847679073	0.8529179162642797	0.5253733228094746	0.32709858269546754	0.30610244422171073	0.1102703031156149	0.7799710182191767	0.16362243467920845	0.45357274127116465	0.9844275678562577
11	0.9999778618278503	0.9819121548615117	0.6989632037719391	0.8715204730546676	0.2140195288654758	0.9998745171892096	0.9950080645420646	0.9998526889211681	0.3668665861742077	0.35964966732831527	0.9926701511531346	0.9955811933178031	0.986821865765948	0.004427945484987412	0.9977143641639628	0.9917768572395895	0.9996071783375063	0.6199352849121457	0.7685555805108959	0.9540006074864775
8	0.6325732147090558	0.637511797427567	0.7770044108477838	0.7661746326347487	0.1816033618859148	0.7601926935361712	0.2630184485855033	0.6803124869235734	0.9908630006751423	0.20006394120634424	0.8856800979361272	0.18797080794592436	0.6483661222273799	0.19092727681455435	0.9532081213876155	0.551188113555867	0.04844701473209759	0.10589827572458416	0.9425435645034175	0.32694280949883353
18	0.009785773732947917	0.026312660889832744	0.11870097949568302	0.13320219221958937	0.9234165382649193	0.04766363168400239	0.8852153219490098	0.08551156258270891	0.049941284398909075	0.9345140574751247	0.015249225709772515	0.9611349708465063	0.09689196269781394	0.5456735509666728	6.870853633605827E-4	0.48762380673984795	0.19272380153810725	0.9154263285442079	0.04968216801219527	0.08702338435874661
10	0.6980607963096674	0.8532473819674593	0.9472863389485223	0.2377449832087726	0.35309456533752165	0.666129541788625	0.1878930924288012	0.2602842774216355	0.1251612205378162	0.02960563057579492	0.23696025345184374	0.5208704759711555	0.08766647591310987	0.3052709786919472	0.34256216662994116	0.6977754594616881	0.9761239931911365	0.07887244541435494	0.9898000013057349	0.5421196575048024
16	2.606878790529706E-6	0.0028012846667112524	0.11122498944911535	0.02434868262735194	0.934908541851552	1.6316193090034438E-5	6.124454050622475E-4	1.8490867954247704E-5	0.5596387457177263	0.6897798951953366	8.379325712382631E-4	4.854124541105515E-4	0.0018956505213182494	0.9999995	2.898488320141897E-4	0.0010141881696293337	4.8871061689851287E-5	0.12778827463152068	0.04641698283689422	0.007626512748211608
12	0.015120176442724535	0.22616860847179768	0.5954493055887832	0.6749202882315364	0.9225890267821607	0.3195348705394202	0.9940739582023826	0.4530978239687121	0.8089909789870469	0.8527072740356553	0.3022637342652528	0.8971071125269177	0.43224187390932206	0.5207081311141786	0.04546020176320541	0.8742776427098244	0.2912142314583025	0.7980005387472492	0.6173511996865998	0.2110362445106698
14	0.2932096433830877	0.9121111270137282	0.48373916626947805	0.25803113355940055	0.8408750805688364	0.6692129380142607	0.40237646430272944	0.34928120150756375	0.125461315181403	0.11253930645051058	0.733568866738937	0.10135934425202409	0.6628358654978488	0.5693144631854673	0.7551581933461806	0.22677107118469533	0.22728612378727941	0.4309588699730829	0.670628611628481	0.23986802457262643
15	0.16027422794986562	0.9766263193003296	0.5126130735203328	0.13027049604710209	0.9760400597648357	0.8294100602110324	0.3659183672789433	0.28660646408345064	0.01079050041940894	0.008025416117722261	0.7968427973143208	0.007813855404580062	0.8175218597653059	0.6135416130210416	0.9259919536132754	0.09409256381313835	0.050013644464829164	0.499087900145409	0.7354140640364742	0.11745422143087213
17	0.9999995	0.9999995	0.9905917066969241	0.9999238310928344	0.017342837073356373	0.9999995	0.9999995	0.9999995	0.3593647669755719	0.18462836739974856	0.9999995	0.9999995	0.9999995	1.273260847175365E-7	0.9999995	0.9999995	0.9999995	0.9867671343607364	0.9993960882857648	0.9999995
22	8.638725775104766E-5	0.001079087690755543	0.02892336434036928	0.042398550906954956	0.9535986354893465	0.004501269268235287	0.9569914717525251	0.022406549728547248	0.004223105788483024	0.9483724030167233	2.8566572741721197E-4	0.9582001510227635	0.023359731934969097	0.6967571741191955	3.4043440740655457E-7	0.451031117136366	0.07663965435433588	0.9626108761928142	0.0051690888901628025	0.014284314876485979
19	0.12318715860214365	0.9580693866545548	0.1408080019720228	0.9278175536583996	0.26559745158692993	0.16323676786645128	0.15444687403635318	0.9567853395844785	0.7782554963239219	0.17576349599176905	0.7076343134523629	0.16316459032787686	0.27157194097089893	0.07418329574452506	0.5151880368002739	0.8976170437838081	0.27201218101001495	0.7346647474698762	0.5074875732462145	0.16949658068159235
20	0.9702894728024334	0.01580373211987492	0.9679398708912451	0.023712766740416058	0.9066982713967687	0.9581944402769881	0.9519803138119932	0.010673350208663059	0.09719395928802894	0.9624518310898375	0.1418744070214488	0.9814725859682079	0.8005550549208215	0.9967730800052812	0.36344338123336745	0.0465807486464775	0.8160630132107688	0.11518397110875168	0.3687980577082895	0.9691006725362057
23	0.1873419985215912	0.2536594080807636	0.9840992047061612	0.3954576549107681	0.9936073948778082	0.6364855492973066	0.6411211067658262	0.2263384430055475	0.07125474149741969	0.897311839098281	0.7840032508335817	0.9069941580589205	0.7620945609723028	0.40818488700672423	0.25655735955303816	0.42516427292150544	0.461457098702237	0.5285334020221306	0.2859862615805421	0.8114414282395308
