GENE	exp_0_smpl_0	exp_1_smpl_0	exp_2_smpl_0	exp_3_smpl_0	exp_4_smpl_0	exp_5_smpl_0	exp_6_smpl_0	exp_7_smpl_0	exp_8_smpl_0	exp_9_smpl_0	exp_10_smpl_0	exp_11_smpl_0	exp_12_smpl_0	exp_13_smpl_0	exp_14_smpl_0	exp_15_smpl_0	exp_16_smpl_0	exp_17_smpl_0	exp_18_smpl_0	exp_19_smpl_0	exp_20_smpl_0	exp_21_smpl_0	exp_22_smpl_0	exp_23_smpl_0	exp_24_smpl_0
0	0.9237809542473193	0.41014504891562975	0.1938646372336072	0.9497086571647945	0.9834005226642237	0.7709218000494539	0.19744285156320995	0.0405239520948965	0.8580044343278247	0.7008633492336249	0.43666796094094784	0.32239232907026	0.13764530725010493	0.24012636096727663	0.009783878862780843	0.9320132562121539	0.6527685851571073	0.43395626353398464	0.12571379377803868	0.12254343849665213	0.6483294356572528	0.3334824714799897	0.42518021393039457	0.5397534595385801	0.2853960948392501
13	0.03842594857900854	0.23766169006472834	0.019349566056865997	0.07479034496340277	0.04614601314797228	0.007152754923978305	0.07026535870947073	0.2440213242991124	0.041826172676077966	0.08092451175409432	0.1581739099990466	0.015917680939571716	0.009508491916659548	0.623470667379939	0.6214997448074013	0.07929704060609899	0.002897113693016471	0.14458987967705902	0.4595757755920413	0.13142587810132794	0.1436991466793927	0.03533175342187051	0.11997910229894646	0.0614949239689539	0.015289586654574258
1	0.13311358576847898	0.49800848307372136	0.7071371428043843	0.05854764489075754	0.247703384318521	0.15928677052516416	0.4046866395942807	0.9925745445446451	0.2983803120217116	0.020220196359042996	0.7453906156790576	0.30544176009131024	0.2555383184368429	0.5019779475363787	0.5420212419387075	0.282613844631286	0.9828574438135708	0.562957977603388	0.4362923012844837	0.55892898601188	0.6126115680512274	0.741310855113477	0.25716599026688286	0.4272383666754474	0.5108656393633604
24	0.3156973215937037	0.5208383915898372	0.0038448037155624534	0.8175623217114107	0.07264359696635474	0.02804487315183968	0.23433952734729263	0.09379162118211193	0.5929073762585617	0.1480826413310611	0.05760390889091006	0.03025045623098529	0.014899226028939951	0.4503570234534413	0.5135032884179391	0.6179350711493102	0.003909550852352712	0.12439343966816116	0.7031065357524222	0.06786103799613263	0.395551415400796	0.03824357513063396	0.8670841608808253	0.068284628812873	0.0035137197040238993
2	0.9855644247943732	0.3016933444751152	0.369057288062249	0.634476280775802	0.35341387478598607	0.697589109132486	0.9179489386808604	0.8320112443056353	0.4484639720207688	0.24728473109822882	0.9467572110738202	0.8816323723028141	0.8627420922260243	0.10852421822790109	0.571636893726967	0.6605230777379129	0.8574836462502564	0.4469412209221979	0.5621488782097376	0.09600097109292856	0.9778948666741877	0.6779709474719152	0.49630957749278376	0.747129649499629	0.9425893769452558
7	0.0023648570028905495	0.07434910928076062	0.327180571141809	0.16951653116557086	0.6431451969630769	0.00550210739110439	0.04013628852381346	0.0057332644304428125	0.47148467120508847	0.5852161143118286	0.043494676268084176	0.031371646908218975	0.06618388423108684	0.9905157271582963	0.023497288931994976	0.04230364557519328	0.011019437447529618	0.369137230305838	0.30043804357477727	0.11280806213088228	0.03252242350024985	0.003720894348950727	0.25058648018992874	0.0035661377041484974	0.001678974259117014
3	0.8424188193987906	0.7931622385210991	0.45766086261182787	0.17626861626665177	0.024201412145943155	0.9962025716988336	0.379615456174228	0.7456921245912995	5.969400091725595E-4	0.4098650626095588	0.14445173391616467	0.4629777957791703	0.05606578234397533	0.15440998526053062	0.8374242884606342	0.5980920386573431	0.639826054555804	0.3749761128806534	0.12520777144398174	0.7668432714008978	0.2657240286651347	0.9886337678202088	0.5148232881199283	0.98490795037365	0.8435514512653338
21	0.26202367671699067	0.21148695377600635	0.08848533351822774	0.0462115600315851	0.021679625643876897	0.31788012681849065	0.216219584859892	0.7354970424857885	0.04749218839543728	0.3455038472930086	0.03568102346543318	0.1558573459674479	0.049037348846731714	0.030717041318945086	0.6247351737785068	0.21506126280057544	0.13204047628456952	0.19163609443943422	4.1769660413142604E-4	0.3521354074996251	0.009263687938961212	0.24459110631612924	0.09302858972580187	0.7230951310476714	0.27551790675031523
4	0.386012998736303	0.6134308133822218	0.2705968157333073	0.9935129451174013	0.5467303398597104	0.05570283337727592	0.9756825046326002	0.6531655241712062	0.48865735434574925	0.6270424747396299	0.9743145234832935	0.2974010503399493	0.09718409974636748	0.6500004944249695	0.9252488909897731	0.9295478283744473	0.07893146420147089	0.3633516355046964	0.9032933019291183	0.8254828519663511	0.9722017764642289	0.2974621757564966	0.9687793243860051	0.4459620867903196	0.007774934600550113
9	0.5744562478728816	0.23307349703144312	0.7918888614657784	0.0021509505961379	0.2989126494418823	0.9810205869490621	0.007224720611815602	0.1827973175988592	0.36223446213371	0.22041753157456295	0.009972157691204115	0.647139078410956	0.9337992042893152	0.2072805273983303	0.02272809869167165	0.02527172299400658	0.959149725440941	0.5142433054788405	0.03042835198815986	0.07653466833472673	0.007712668804296487	0.602237771019142	0.012744698432031668	0.3929996250262651	0.9995997522475885
5	0.23849106020305377	0.45092408934610834	0.326087043681434	0.7074833027714695	0.47037930231659036	0.20239072377588174	0.9940085632794717	0.8187347148829685	0.6836520884397717	0.9462988940750371	0.7502991124831254	0.602011319386487	0.6672067767224912	0.14833018398084707	0.3961266335371332	0.8161643527336545	0.5110584296057863	0.5090924021002553	0.3798845118245994	0.3622889274545601	0.3346817823589047	0.7741887744254826	0.5126998134965849	0.18678886853605428	0.28619878222276335
6	0.5231970305354336	0.47943613875744795	0.8016901023070909	0.1316658070900818	0.6415607754308131	0.6677983955182017	0.6500005123980735	0.17231188998829153	0.469268983341724	0.1280190612970958	0.272577847679073	0.8529179162642797	0.5253733228094746	0.32709858269546754	0.3061024442217108	0.11027030311561489	0.7799710182191767	0.16362243467920845	0.4535727412711647	0.9844275678562577	0.5594119724087464	0.30388534438053366	0.6863740530693735	0.9570338969498038	0.47041151015871574
11	0.9999778618278503	0.981912154861512	0.6989632037719392	0.8715204730546676	0.21401952886547596	0.9998745171892096	0.9950080645420646	0.9998526889211681	0.36686658617420775	0.3596496673283152	0.9926701511531346	0.9955811933178031	0.986821865765948	0.004427945484987412	0.9977143641639628	0.9917768572395895	0.9996071783375063	0.6199352849121451	0.7685555805108959	0.9540006074864775	0.9959510457569659	0.9999448420696258	0.8061988770679948	0.9999497828626632	0.9999995
8	0.6325732147090558	0.637511797427567	0.7770044108477839	0.7661746326347489	0.1816033618859148	0.7601926935361711	0.26301844858550333	0.6803124869235736	0.9908630006751423	0.20006394120634427	0.8856800979361272	0.18797080794592436	0.6483661222273799	0.1909272768145543	0.9532081213876155	0.551188113555867	0.04844701473209759	0.10589827572458416	0.9425435645034175	0.32694280949883353	0.7565795380355052	0.4200348012189079	0.7358982780061449	0.517464956677352	0.26186066146795417
18	0.009785773732947919	0.02631266088983274	0.11870097949568298	0.13320219221958923	0.9234165382649198	0.04766363168400236	0.8852153219490094	0.0855115625827088	0.04994128439890906	0.9345140574751247	0.015249225709772518	0.9611349708465065	0.09689196269781397	0.5456735509666732	6.870853633605828E-4	0.48762380673984806	0.19272380153810725	0.9154263285442077	0.049682168012195264	0.0870233843587466	0.12217262287910914	0.3268261575798335	0.15875824997447222	0.3019775193075491	0.8878839891513592
10	0.6980607963096676	0.8532473819674594	0.9472863389485223	0.23774498320877258	0.3530945653375217	0.6661295417886252	0.1878930924288012	0.26028427742163557	0.12516122053781617	0.029605630575794926	0.2369602534518438	0.5208704759711555	0.08766647591310986	0.3052709786919472	0.3425621666299411	0.6977754594616881	0.9761239931911365	0.07887244541435494	0.9898000013057349	0.5421196575048024	0.8917389772480854	0.833622829142341	0.9082468841462559	0.3053561189255421	0.7274006773530284
16	2.606878790529706E-6	0.002801284666711201	0.11122498944911528	0.02434868262735194	0.934908541851552	1.6316193090034438E-5	6.124454050622475E-4	1.8490867954247704E-5	0.5596387457177263	0.6897798951953368	8.379325712382631E-4	4.8541245411055147E-4	0.001895650521318249	0.9999995	2.8984883201418963E-4	0.0010141881696293339	4.887106168985129E-5	0.12778827463152106	0.04641698283689422	0.007626512748211608	4.817336208560621E-4	6.621622187643477E-6	0.03368652800958954	5.727080673770688E-6	6.579819493945071E-8
12	0.015120176442724533	0.22616860847179768	0.5954493055887833	0.6749202882315363	0.9225890267821609	0.3195348705394201	0.9940739582023826	0.4530978239687121	0.8089909789870465	0.8527072740356554	0.3022637342652528	0.8971071125269177	0.4322418739093221	0.5207081311141787	0.04546020176320541	0.8742776427098244	0.2912142314583025	0.798000538747249	0.6173511996865998	0.21103624451066977	0.8639584377624919	0.4846609670527415	0.8884977955651644	0.7001322592984709	0.9145498071859064
14	0.29320964338308764	0.9121111270137285	0.483739166269478	0.25803113355940055	0.8408750805688364	0.6692129380142607	0.40237646430272944	0.3492812015075638	0.12546131518140302	0.11253930645051058	0.7335688667389368	0.10135934425202409	0.6628358654978488	0.5693144631854673	0.7551581933461805	0.22677107118469533	0.22728612378727941	0.4309588699730829	0.6706286116284809	0.23986802457262638	0.9981989109452172	0.25232372002297054	0.14647960238096142	0.39717221667177394	0.23401714362993684
15	0.16027422794986548	0.9766263193003297	0.5126130735203326	0.1302704960471021	0.9760400597648357	0.8294100602110325	0.36591836727894334	0.28660646408345075	0.010790500419408947	0.008025416117722263	0.7968427973143206	0.007813855404580062	0.8175218597653059	0.6135416130210416	0.9259919536132754	0.09409256381313837	0.050013644464829164	0.49908790014540905	0.7354140640364744	0.11745422143087206	0.999520130926471	0.12835424829176365	0.019058569606282577	0.3996008144696813	0.09785141491234836
17	0.9999995	0.9999995	0.9905917066969241	0.9999238310928344	0.017342837073356376	0.9999995	0.9999995	0.9999995	0.3593647669755719	0.1846283673997484	0.9999995	0.9999995	0.9999995	1.2732608471753648E-7	0.9999995	0.9999995	0.9999995	0.9867671343607364	0.9993960882857648	0.9999995	0.9999995	0.9999995	0.9997472709388043	0.9999995	0.9999995
22	8.638725775104765E-5	0.001079087690755543	0.028923364340369247	0.04239855090695486	0.9535986354893465	0.0045012692682352765	0.9569914717525249	0.02240654972854719	0.0042231057884830146	0.9483724030167233	2.8566572741721197E-4	0.9582001510227633	0.023359731934969118	0.6967571741191962	3.4043440740655457E-7	0.451031117136366	0.0766396543543359	0.962610876192814	0.005169088890162803	0.01428431487648597	0.0453053911765414	0.2499967061745949	0.07158164987872184	0.25136076282417197	0.8915812937060352
19	0.12318715860214362	0.9580693866545548	0.1408080019720228	0.9278175536583996	0.2655974515869299	0.16323676786645128	0.15444687403635315	0.9567853395844785	0.778255496323922	0.17576349599176902	0.7076343134523629	0.1631645903278769	0.27157194097089893	0.07418329574452505	0.515188036800274	0.8976170437838082	0.27201218101001495	0.7346647474698763	0.5074875732462144	0.16949658068159235	0.6070996122926418	0.654613292638614	0.4990795342541551	0.6499995353922335	0.24515840548901
20	0.9702894728024334	0.015803732119874916	0.9679398708912451	0.023712766740416058	0.906698271396769	0.9581944402769881	0.9519803138119932	0.010673350208663059	0.09719395928802887	0.9624518310898375	0.1418744070214488	0.9814725859682079	0.8005550549208211	0.9967730800052812	0.36344338123336717	0.046580748646477446	0.8160630132107687	0.11518397110875163	0.3687980577082897	0.9691006725362057	0.38108243959792737	0.15282932802404267	0.4936016994104649	0.16338042228095817	0.8516565117588171
23	0.1873419985215912	0.2536594080807636	0.9840992047061612	0.3954576549107681	0.9936073948778082	0.6364855492973067	0.6411211067658263	0.22633844300554748	0.07125474149741967	0.8973118390982808	0.7840032508335817	0.9069941580589205	0.7620945609723028	0.40818488700672434	0.25655735955303816	0.42516427292150544	0.46145709870223695	0.5285334020221305	0.2859862615805421	0.8114414282395307	0.3727908117089987	0.45574731149057246	0.3803440934467311	0.8670398294148248	0.9573927300792134
