GENE	exp_0_smpl_0	exp_1_smpl_0	exp_2_smpl_0	exp_3_smpl_0	exp_4_smpl_0	exp_5_smpl_0	exp_6_smpl_0	exp_7_smpl_0	exp_8_smpl_0	exp_9_smpl_0	exp_10_smpl_0	exp_11_smpl_0	exp_12_smpl_0	exp_13_smpl_0	exp_14_smpl_0	exp_15_smpl_0	exp_16_smpl_0	exp_17_smpl_0	exp_18_smpl_0	exp_19_smpl_0
0	3260.302374394613	764.7238781843176	137.87769964052362	961.5342830467524	2606.607081117805	3766.5261789840406	3571.8112364806693	1687.2616057558828	2295.351037720491	1139.9884104770965	764.9623758817257	3146.505330670212	2596.22558856355	726.8837954572489	2163.161895237972	1932.61593426029	3131.019015001446	843.2332675896852	12.535257408059918	952.7521301189018
21	728.5057848844492	2825.862635535437	707.1248029743492	1565.0322888993196	970.1480344942318	604.3095991719479	115.52637968668051	171.47686770570448	999.807425722229	1198.9696247310483	513.2236091525107	623.4189107581287	953.1696995408777	2770.508380083786	1335.1662323568235	1805.4638652358	678.9964311220111	536.4525598589021	2613.156369434935	352.9491810010822
22	103.57469042516013	1897.2788284045255	1989.0973963177491	1824.082586465696	244.76486319118877	29.79078595708086	46.63870657491574	965.1756351557182	374.79356510179946	1522.808501970691	1918.5056387258896	103.28220972376594	397.31343481235257	1865.4551549432404	548.200112601805	763.3534147003448	197.16922549400311	1796.1921640892729	1989.3956257675006	1705.95815195873
1	220.57057214777672	40.17461177371596	1579.9495549585383	1209.7691869788812	1741.1454045077096	534.6251377374975	450.0405718335463	145.29576891259399	771.2057034143858	311.3228179891921	1585.245324460716	392.0840328312391	93.45862155090622	1789.1231632684353	265.22959430560644	275.96356452095205	247.00101927481987	3.0975905842306495	531.7040295926498	835.8767829830683
7	4529.194524021627	4535.268658082211	363.8720779410634	1269.8193171179828	73.84201680079943	4334.234991691363	4338.313005952271	4533.591875212936	3172.2917603446836	4504.707449792332	447.3334237274468	4468.337392230421	4535.075794567605	30.81841328418515	4510.031613026617	4519.98512718481	4521.970322152857	4535.268658082211	4232.48761404288	2775.482435830486
2	2045.4990193826848	674.5771161199489	1608.3705623826495	1421.024810390155	872.1951703871081	1590.222713607445	1959.5651080857733	131.2219071586794	1124.979069859414	675.6140100466849	1843.830796787313	566.1413447614033	1059.3544248769872	805.6727547084326	2007.5900065487692	223.58598617477435	716.7462529717951	1680.8620724656334	1603.149402829608	2050.6846958465226
16	1.962563667442501	26.34771116617687	1.2051110652384638	3.426311498660799	25.766308182219586	26.79580259300109	13.835116188095776	249.8579508825915	24.373297608475	30.39120227584147	1.1633416181746203	266.39943224486194	70.46757744730184	188.76128083425135	3.8433924704265734	198.1072773013013	198.23914307688435	1.3149623700428126	5.750030222100383	3.2201797989089807
3	11495.74445888482	2933.1162685845475	11369.930820807464	12048.04794815971	11291.428785693706	14485.333065552433	7299.192359827624	7988.940447354662	6207.70687295842	3261.8131261140134	9257.00475398836	3804.8783882753714	368.4967319255109	8966.370556295189	8938.67038004524	6147.603762354431	13554.147717037162	13409.324229328742	5283.174502665143	13745.76739293643
12	1784.405094083578	15743.910863683843	2534.963768314686	1895.6382882194016	3021.3604149665903	276.7973998259811	8126.508278321536	6864.109803277176	12837.155462288643	15674.268043834341	4976.871560923555	15330.735701837722	15894.195601280007	4856.842943354509	5472.681433220906	11452.944432095954	681.9258589804224	403.3910439483645	13116.059064586676	677.7390998694914
4	2120.2465423046947	770.1482041954473	5191.052613927061	3668.3502492887123	1872.5385155138142	129.31960965942162	5234.050840179499	6538.352919620478	2436.8651396288965	3922.1538945248544	5709.340843347306	2477.994246998713	2899.7546196279286	875.3397361916207	2665.7550089611527	2037.888213457347	2755.2456463528492	5381.767702892239	2404.6395508245687	6179.2527114343675
15	93.76301830615108	271.5929146278033	5.6523305245100754	20.64242932256681	50.06718554449272	181.8077210411202	61.00383157279642	23.78561439466021	63.04096001833025	23.96749897737597	22.110034341440215	1947.3562402720654	204.4890393138069	195.48433196464796	244.69619438356497	1730.3626164844554	110.70308778885567	241.65452229665772	1082.8872598874598	35.44844717209992
23	1633.7047105537572	2159.6700353769957	285.21351723732676	105.76970289305649	228.97128571495594	1151.3412723529814	37.24461593083709	123.24088479192127	468.34613306261156	621.9302397294758	194.9354050700971	1537.2905369519342	1104.4759478806566	2155.250837050853	1273.3699703479103	1298.7253770069944	1597.268120624438	23.256155216351203	378.2499759385984	19.339914674269863
5	1961.9516295777823	2381.2448168127935	2427.570426991325	534.2749072258956	1156.2557848333659	577.8747054174862	855.4943560066309	411.94913879150323	1737.6204984386645	707.5902071489502	3623.697236645049	5406.28218335697	2122.8839144320154	4258.141989017479	2433.440837788414	4353.076252490896	1220.8975631837484	4660.56011391247	5650.761404273958	1827.6752791766453
11	1913.1181754818747	1464.1607748239142	1281.2045417071577	2248.2842297853063	2176.5397513109137	2246.803107141645	2229.851170496722	2251.2631997044537	1953.1192776717714	2242.9900681700296	409.9300035624162	67.49469027456645	1573.0409440996345	303.89933504513436	1413.092977994356	205.50508826152665	2184.2239179691114	175.71000949288293	66.61114698575818	1575.0001980949164
14	2395.819290516593	1883.4942623073944	1736.6395621268412	2599.495018934377	2517.645518343593	2596.648812571935	2569.1956739048296	2604.5841063344496	2185.587269443115	2590.838478061265	707.6603986568589	160.19345993600464	2120.721028604396	576.6306395178946	1939.7893826804936	424.8543551944101	2508.424974121772	328.8320862576747	161.40050850560775	2317.37500032295
20	376.3494344850605	37.85199781516422	218.35051657129196	63.9647525172282	29.823001451103455	36.84419503364418	11.137682216869468	49.51454281103579	557.916331670193	105.52162112075048	2766.1698739971266	591.2031310838863	279.4070185268733	802.4820548398652	76.575217907906	3080.246309162573	391.2299731730354	3375.845166626216	1534.9744137244863	261.4492746767009
6	1200.6722650572392	464.6990577176278	2090.3111856521773	1781.7744237874003	271.1310069573208	1141.2144066012356	925.9903178967628	61.34020109464484	762.0504619627604	1695.1674302054657	745.1843940534947	91.81043926931672	431.4493647512933	1922.5612003340455	1762.7661842013597	680.2950633557195	368.30157536821923	425.97890508262185	1967.585708006448	334.9404700733235
18	4399.257164479488	627.8349328887964	7324.068015304934	6629.9922500577195	168.05060934271654	3909.493615901466	2373.0699273762075	5.118617145139513	2180.2035194667747	6075.536326549544	1922.8291089172542	12.63742420825857	757.0092485556436	6330.335506986459	5963.671222626423	1614.419506178926	417.6505197499447	652.0394517329024	6570.942894730985	396.78580593660985
9	2.942913236797744	0.0011344305444206892	5336.34306512084	5162.9442093183225	5336.885909542674	95.92665312883919	90.4129963738024	0.9251984029054482	1484.9487957024055	12.957684280275615	5334.698607972901	30.209774607080664	0.08563325852931362	5336.885909542674	11.426298801523258	8.238587795061031	6.879262491395944	0.0010608784809671857	109.22098642007057	2572.1468560003937
13	209.07516358959876	552.7147642659714	55.46915165924371	14.905567445910686	0.9658079639682782	95.1729799318862	92.6732674902859	87.92720357480444	134.69151421834582	90.06601265744591	166.38008819865385	2452.870662374381	371.1651030003756	147.26427400852344	530.692452439614	2465.090649432795	102.60977885005735	2469.3016193680655	2420.8309602168297	254.0091561035409
8	337.3607416691238	474.63863462898684	530.7445324423085	470.398975539518	428.9323247525634	164.34386654975782	97.40370232486354	184.694522919629	346.53926284089704	444.47066632058613	430.7643715062426	153.9525832262705	226.0987821123256	156.54136637679906	300.5434733305387	235.2239017647457	157.75305876018922	484.0326354214379	329.9263830995162	324.6874649323785
10	367.71764573680883	325.97736841543366	50.68955497296072	271.35196053853224	132.87198793970825	158.6555466587512	404.5437149900491	54.0273835009862	132.54770361902905	323.25133386405525	9.712671234706722	29.144163752748327	509.067538757711	497.0610908578257	515.1315567728063	82.04097329803174	138.21728912667726	97.38924148887486	320.5813249996745	483.6837768188638
17	11.957612029708251	659.1067217740937	493.1464203666865	334.3071999842465	599.2440803764389	478.45638033829397	519.0702396774702	437.00322505491397	137.78718414161173	133.2443944966446	167.40552063535495	471.3763921237718	2.114679737232028	9.30399117337494	417.163382605419	69.29746909986605	8.070392750115529	21.29524833361122	198.04013678379528	76.43550909809728
19	3440.197729469182	251.27056058089946	3228.4773861382328	11043.207470461202	11269.030888936471	6507.710644087827	9808.437084177067	1025.2454482934177	7686.267841052749	3233.0614553048786	4835.375448503133	1808.758545190257	2381.358264118077	566.1238168676746	3298.040831764021	5296.2931556768335	455.24778985981453	10825.262749863114	8481.854898181424	10035.68506817458
24	4719.780339509253	4738.442724857118	4734.255519246303	4738.35767698532	4738.442724857118	4738.442724857118	4738.442724857118	4738.442724857118	4618.619270698475	4738.041425844672	1022.0644271725997	4654.504570282493	4729.73899809383	4550.948836251977	4738.253072624923	465.3871721350037	4716.868064741804	384.985323214749	2836.959136231746	4729.869306266025
