GENE	exp_0_smpl_0	exp_1_smpl_0	exp_2_smpl_0	exp_3_smpl_0	exp_4_smpl_0	exp_5_smpl_0	exp_6_smpl_0	exp_7_smpl_0	exp_8_smpl_0	exp_9_smpl_0	exp_10_smpl_0	exp_11_smpl_0	exp_12_smpl_0	exp_13_smpl_0	exp_14_smpl_0	exp_15_smpl_0	exp_16_smpl_0	exp_17_smpl_0	exp_18_smpl_0	exp_19_smpl_0
0	0.9334598449162711	0.4053948060278478	0.19172829170438452	0.9338853520792985	0.9821733322250439	0.7687766205930847	0.18317834536793634	0.043338373007199296	0.8481934190345386	0.6897317423034758	0.4793406145690007	0.36064711281558476	0.15552216834662244	0.20805334977993406	0.009955799582783396	0.9516020743008237	0.7292567131723794	0.4041161734373104	0.1346622354156926	0.11975628562574558
6	0.03090245518208631	0.6346080906977829	0.8039685125443995	0.04782036786845159	0.007808777595101559	0.20257156015659109	0.9288350104615578	0.9935119792893871	0.05801647043563501	0.18455037669539218	0.44467980090428166	0.564055849299532	0.9434726274163372	0.8104605266912545	0.9997698735878935	0.023144677318220046	0.15619397344848185	0.5098131364340517	0.9125278158991332	0.9488330581756867
1	0.14894912420794038	0.4476839270702623	0.6394112103742902	0.06882607721386758	0.2366118810673568	0.16854371487343156	0.3789913220779576	0.99234102503942	0.36411143439208954	0.01963505148987433	0.7412949584536636	0.24323453215112997	0.26500079885254635	0.6172124281323695	0.5748850451963132	0.2793560899193766	0.9790368824314923	0.5636490509396671	0.43772428119325774	0.5337042648139871
4	0.9965102762690596	0.4889647631425114	0.21570459298472977	0.999795255622249	0.9566513902247128	0.9861832918887208	0.45009389654789855	0.0010135909873852675	0.8193171335836473	0.9999995	0.06798340347001804	0.9498280961008086	0.9473819573321233	0.13087411122192472	0.23147281601724576	0.7316668169740556	0.002967059683156631	0.30885860073036353	0.6426953094201466	0.1955624316822674
2	0.9875065516231077	0.3090032916770742	0.40564388359693165	0.5627982287538082	0.40852185013290376	0.6518417447458753	0.9158798311954791	0.893423914973022	0.3603716944008658	0.2857275083142245	0.9490806904076978	0.921388400739954	0.8163568834322282	0.09980187586918386	0.5729198964082667	0.5910543435442365	0.8736332467409959	0.4338584182128199	0.6040602675956539	0.0887227191110858
20	0.0474840937218805	0.3353704960801372	0.01699594801304219	0.48678119973518097	0.3500245842310516	0.021909637696725257	0.03823761082338311	0.02260220057966449	0.39724414250615697	0.693562760775256	0.16648209121250326	0.03306590242634753	9.158500564503537E-4	0.17102824883063075	0.051629124241533444	0.46020851461719553	0.014809794595294995	0.19707763121031965	0.07121217378690516	0.126001126323691
3	0.8800590884478414	0.7512779349074583	0.4642131974134936	0.18216867039071033	0.027230135730569302	0.9960222270362794	0.3553482793155353	0.8122506091959422	5.976362792241597E-4	0.4302974581573697	0.15398352930001943	0.4322623284609031	0.058285651794078346	0.14697195348544406	0.9032353138328177	0.602866228194346	0.7207405064534933	0.42866307090729205	0.12284513402718032	0.8244770898996526
22	0.10782879444942692	0.0714714043529944	0.14866484880506817	0.2386469898270992	0.9493555719690558	0.03163607779453356	0.6196189667848779	0.05254650075277088	0.14762156123828546	0.7329092447778057	0.19370752194999719	0.6182776804173727	0.4767890298211692	0.9072919257687566	0.020368873951986426	0.16952665669738173	0.25541089111881743	0.7558122411842911	0.17757130873064808	0.17907962688928425
5	0.3360108478270051	0.6640148647007202	0.2996098453847102	0.9928319997982493	0.46871529585298277	0.055493443008290885	0.9777912225308834	0.6910769745259471	0.48792267007809675	0.7017149125634842	0.9774561179817561	0.34132743629909174	0.09085690805040558	0.7355541738514377	0.9277316148164991	0.9318143440949327	0.07177029091299265	0.4128371446452086	0.9505478347180761	0.7929061774830282
17	0.9999995	0.44974817177125337	0.10615074122846281	0.9999424034719466	0.9999995	0.9778416538121941	0.02845999997878963	0.002674101786249733	0.9998248677635193	0.9918546659086077	0.672624212260997	0.5460215998585577	0.021114368542117234	0.13107889978829587	7.300525922951952E-5	0.9999995	0.9925949560247128	0.5993293636487321	0.052393324186856965	0.020052806680814377
7	0.24121056701398302	0.39049753224502337	0.27619202103596713	0.7738056991640021	0.5161630025718638	0.19907332585940835	0.9942672952429957	0.7062085673964533	0.7285662871770785	0.8495783463217915	0.5779419783932334	0.5478347923630362	0.650000469685692	0.14557665540134884	0.3409897428794858	0.751601439171644	0.5173153268944773	0.44528875559693687	0.379948797466195	0.3200922100629521
10	0.6868654802597975	0.5765389205042534	0.7338600348608273	0.04415044048657042	0.3086873597430315	0.9700227009173439	9.634936308637238E-4	0.0675441615894325	0.05004449616856512	0.02982116276993373	0.23188835573474997	0.2949140322659618	0.13600099551930403	0.9723660266952485	0.7799024540477077	0.10933603964968737	0.29912066546629446	0.5015967211138163	0.6728019793864637	0.6744419610308212
8	0.42001600106078174	0.6232052578308408	0.8418322220775187	0.12836133110202794	0.7040434826004143	0.6731622549798862	0.8583813163253098	0.18456198113649014	0.38176175198596635	0.13063390092279664	0.25989001657167765	0.811862507690764	0.5435836532231837	0.2994771780961297	0.254940463659493	0.09611147923594249	0.820724232555961	0.1592616147700407	0.3901092253460597	0.9871286649256822
19	0.054652378239759915	0.068201051607815	0.20082695507763534	0.46538083293525917	0.3099322110121971	0.2947674086243611	0.17280975046660532	0.08115962980396672	0.040146027849009974	0.9671327770892539	0.944219148296614	0.16691827767935505	0.584150326206109	0.4060548924315263	0.10227562240946983	0.6912280919694611	0.18983882057388018	0.7097332210128017	0.14584840311566125	0.08694785189202753
24	0.4939785764464848	0.02136257259023264	0.09898734177882215	0.0783186345928822	0.17011551037498748	0.20681702027247967	0.1082670611995925	0.05218050411989637	0.10487248925696449	0.9851068178165763	0.22585194783475848	0.0887962501887663	0.46897204866859943	0.8573020742857933	0.4578995502735414	0.11408012213688022	0.1652718471297392	0.2015968088902933	0.3287457710980815	0.0511536360707751
9	0.5626425621099223	0.6282224835821603	0.8018187009873057	0.8260562744706306	0.17298419217545263	0.695051745602434	0.24994712541444025	0.6359661638312739	0.9908953592381923	0.24232632280674954	0.8399246128991916	0.1879440383107044	0.5694907839104241	0.1697748908545076	0.9484399501142352	0.5708411336602339	0.05853743074478246	0.10653939197273044	0.9177456545064353	0.3289399717874202
18	0.28559037248848285	0.18448513122773594	0.12633059091747828	0.12886132379027568	0.8198218831557654	0.12450683262102455	0.6880707810939319	0.20386158512544775	0.003601613961902396	0.8714305554993599	0.05204011589246496	0.8106861051066027	0.2506241125448707	0.9225510676901169	0.032415302407268816	0.32564395766383875	0.9852872553278602	0.9589224995461918	0.033721816742722836	0.5895688981126452
11	0.693276350096246	0.9521617133508938	0.935235779097229	0.20290104125739905	0.4114719138061181	0.7104535799657726	0.1815972801181814	0.22752242384785168	0.12388730838645698	0.026993240866967496	0.2899990207500987	0.5407961155370237	0.10044398190097047	0.26070338004140586	0.29232364015094436	0.6826776272807454	0.9633728577377065	0.0619155362957026	0.9880989691422503	0.5277792878817799
13	0.006978119057647983	0.023301581393870244	0.126032230149132	0.5887701749464479	0.5335981047988443	0.07257497127552605	0.8777888391430182	0.4521733527393793	0.8522250793564575	0.9431611491691251	0.23473395781281023	0.3720284808121036	0.5265311051353181	0.5345666143924863	0.0341597206712357	0.2415677830555403	0.05141987050940585	0.8906101365501555	0.12485236044031853	0.09608165000707537
12	0.016436833684271075	0.18439118582545008	0.6154393218776818	0.6577690372344634	0.8855311435092096	0.357063371593664	0.9936835366627365	0.5040756646299669	0.7985200283136449	0.8815428519533545	0.2971375840984733	0.7860649958663032	0.4740550299090517	0.551147837655208	0.05977789073251988	0.9188725447380366	0.2632171289160708	0.8973109537503994	0.6933766395913574	0.2838733561084623
21	0.9999995	0.9999995	0.9957909403725128	0.26020491220574027	0.23341835465746005	0.9988694633083633	0.029492778062143125	0.535587719589101	0.06471754185023142	0.020508530508833705	0.9363571787570707	0.5765186695005716	0.48708469366653007	0.44878229554489385	0.9999651041440962	0.9575176877263819	0.9999170142021178	0.02401161405638152	0.9943945395061919	0.9976091426029202
14	0.24759543084390004	0.9239324067055678	0.4598492901898905	0.30854810906509417	0.9482115079826606	0.6097696198206103	0.3308031657558604	0.36388744597260386	0.11376994725069652	0.11313099436589248	0.6782143853192834	0.11155329942708707	0.6499996851555989	0.7767471061237311	0.7002774391735238	0.2244172829034676	0.21137975467457096	0.44402342280387885	0.6623160083126892	0.20569471760481825
23	0.7724619948761746	0.03864244910164607	0.5104985842511456	0.9172095068756698	0.040150085803114494	0.24516247385733933	0.7031947524659312	0.8105164213359758	0.9943491234164561	0.9936961023058478	0.28479946195631006	0.9948756961166869	0.3323448840593733	0.2105385682734698	0.231412303843849	0.957398924605254	0.9729120476245657	0.6218869497407665	0.24396417160245434	0.9677373430085816
15	0.11553973557101348	0.9119735695568775	0.1404487912987345	0.9286070578524613	0.25633620267137386	0.16486627559473135	0.1701443005390923	0.962694543951396	0.8479547975133352	0.21338989021432303	0.7003429122600335	0.1824814991713835	0.2967708626617044	0.07778433279696124	0.5375069356366172	0.8811128860096767	0.2790532970141489	0.6591833699858765	0.4841806357300267	0.15837578036149622
16	0.18304606729626924	0.251237460221501	0.984233098136307	0.3982700429371518	0.9936010854695956	0.6490564871787238	0.6393786806454027	0.22492477130933575	0.06831487612078084	0.9050397109707944	0.7822526159294837	0.9185646070415558	0.7673293322940604	0.41459229317623125	0.2603421709610903	0.4186586310627809	0.46712618301244613	0.5401776852120925	0.2874591886619478	0.8018491610931906
