GENE	exp_0_smpl_0	exp_1_smpl_0	exp_2_smpl_0	exp_3_smpl_0	exp_4_smpl_0	exp_5_smpl_0	exp_6_smpl_0	exp_7_smpl_0	exp_8_smpl_0	exp_9_smpl_0	exp_10_smpl_0	exp_11_smpl_0	exp_12_smpl_0	exp_13_smpl_0	exp_14_smpl_0	exp_15_smpl_0	exp_16_smpl_0	exp_17_smpl_0	exp_18_smpl_0	exp_19_smpl_0
0	0.8144802004312893	0.06096401142830782	0.224829337784464	0.05610091651032662	0.3338075522134273	0.686167488802158	0.7776899709945069	0.08752653847854615	0.946354698480064	0.5320751180071878	0.7632200817258149	0.4014563868570348	0.47699873411767224	0.6495981788366414	0.005555026978517546	0.17552538782860677	0.8121119581846129	0.48242198670873426	0.5655891807195951	0.8536609300099274
9	0.1838151821531277	0.22080459934488117	0.9001733129219641	0.11792182963399069	0.7445884231462028	0.2656624407476606	0.24359986921476387	0.3243582636247882	0.12301544061309545	0.2115614623606411	0.30872838470729486	0.4080366340443728	0.532042991052396	0.0614836961772675	0.37165735056780574	0.9506542104774455	0.25687996866515583	0.1589653573432938	0.24182691485758018	0.11765083931222572
21	0.03471629513902968	0.9987858099820466	0.8619462940207824	0.9988163038578267	0.7072244751015917	0.11788257758024805	0.06707998426297845	0.9964507291398719	0.008370723248572022	0.29063750286938017	0.1004693835446769	0.5334122540697169	0.4219111290648424	0.14949081905135767	0.9999995	0.9528018462214205	0.059804830507368324	0.40952099575144263	0.25615355222172487	0.04630443099622411
1	0.1177216013836449	0.6075927551306497	0.5411692173492605	0.7238003407066945	0.6528535381777625	0.7616002786906484	0.920325488557909	0.28388862038377793	0.9515172917251703	0.21896523356548495	0.8066950685255752	0.3477416823355258	0.49538865018162104	0.031143542177655078	0.30058392963644215	0.9857416990608167	0.4608519157855332	0.27321767127689267	0.3195604791745346	0.5208231465881084
11	0.9985982423590162	0.4305753920385094	0.5690813524298755	0.07936154004322368	0.02582213908330429	0.18319353896943616	0.014260346643440391	0.5031119169605291	0.10302717480819518	0.5579458335477714	0.005706000260858171	0.9202399678780332	0.022044600158723046	0.7435304092805648	0.48965328731441365	0.03638720816292724	0.7594954496615722	0.17810444275372347	0.3463153084697628	0.11116683269292583
23	0.9969322813256843	0.09677795407215072	0.24981386368866093	0.00460680647315875	0.009506109006494387	0.005773010958416006	0.0010936618493833936	0.5040916099978003	5.012645976496563E-4	0.6465045801550533	0.004150308346105108	0.8206944959961018	0.02378522772699044	0.8772363629608902	0.4483906970800896	1.4617219092747223E-4	0.5237140899726069	0.05733506763407957	0.14370684256301586	0.02101242818226797
2	0.9877603211011697	0.649999641603729	0.7177260114307468	0.3899062500669807	0.23172615908518657	0.564095723516477	0.26739360018120817	0.4364873780021133	0.6746863374470643	0.444051645271954	0.08801395646052307	0.8143495698346627	0.09899018561120021	0.4979135111952951	0.417889062813696	0.4109883412103851	0.7495504942063838	0.32822684073491815	0.37516337890324286	0.3092644355639548
10	0.004842025383754288	0.20176445693120532	0.1663116981628991	0.524623913157987	0.8230112290221421	0.29768627464179176	0.6919415251720625	0.40629706076900957	0.15838481651220698	0.41587813835025955	0.9686683897544837	0.07402429567815269	0.9522295140045148	0.360511787565492	0.4529714719980669	0.5118923514642136	0.11964674059016037	0.6488447610590041	0.5538354220581099	0.6671273427515756
3	0.7742973340000163	0.9219654891723019	0.7665244780080198	0.7862323873258961	0.08396174612270088	0.07853670588132973	0.07231524157843681	0.09876659114495813	0.16613675062412037	0.13962096031871873	0.7799224055363051	0.8902524384912307	0.6800128906561681	0.564787490029097	0.10299324891016268	0.6112446611396884	0.5941545652240007	0.46470852652198696	0.6009294194832764	0.3498953066009791
7	0.09045508840868471	0.03956193198009754	0.10212521857811588	0.0789849868779948	0.9584520751170723	0.9496371041830322	0.9672424445905597	0.9536892222782497	0.8246504188405074	0.8640905162064995	0.11924191050757975	0.037247347964270636	0.14402825878281242	0.2693438539993945	0.9287665328475057	0.23006103352055043	0.2436753593544619	0.35552102312140826	0.27604598164438815	0.5530749229980298
18	0.12951448326630366	0.05020355605915757	0.12823789666164348	0.1129926262275294	0.9724007775081466	0.9788707536114118	0.9779227100094888	0.9627863747142381	0.9056368224938387	0.9112652818309263	0.1596300918083469	0.053245180526232165	0.20515131801945555	0.34809601928771045	0.9575268569406123	0.28238560576255295	0.32664354576740057	0.4817737406777731	0.31934446914541614	0.69264613432036
24	0.004845787777720678	0.0015337059976498852	0.005624744191873459	0.003698864324750825	0.9891423555194452	0.9905309488924641	0.9907950864530135	0.983919827347738	0.9302513952919624	0.9478911057181069	0.008197810733340957	0.0016052427475880425	0.014546960194570675	0.10342468981208731	0.9838924521152529	0.04892779656173698	0.07095264749882542	0.21643087544603792	0.06994650511017844	0.5731531848684679
4	0.3333792060754681	0.774891936762694	0.02114829095922666	0.9291125435754723	0.16072526938912665	0.37647515358542655	0.3984899759406337	0.6633603672848382	0.42087219643312396	0.6431878068189368	0.04465492872161547	0.5352371336470055	0.29063930550420464	0.8263445604861607	0.6505175131740104	0.12209546511618419	0.2218109737105848	0.7332451108297592	0.574119886693579	0.5131334550360773
8	0.7638070054980528	0.05334770971522562	0.9999995	0.011336144735207665	0.973528361270138	0.5876952531471804	0.5778233088458963	0.11913868598368851	0.4372618567478447	0.1687290326767474	0.9998497947198072	0.2781095167842368	0.7495646898495396	0.03544042418864866	0.11738720216494743	0.9922312777647834	0.9004317137067189	0.07263631701887774	0.1820695776930545	0.24359103051296357
5	0.2637382436860335	0.055012930307918276	0.5626936044397969	0.671600516523184	0.9753824027544324	0.5643353931637286	0.7910207481090312	0.4280468870619319	0.6500002052747277	0.33713076087938276	0.9841993919083905	0.750012253175116	0.6929604799421735	0.8487711262567862	0.1423115532405627	0.6088149571870085	0.46659575363735545	0.7902358890998517	0.5620282087935142	0.9553436687601337
13	0.012119958351186629	0.02798805082630439	0.23946832928006603	0.8558437961121216	0.9922742485656249	0.6877012887677176	0.9040442595227068	0.2081170240798578	0.8061789515392661	0.11933718113682185	0.995634073705239	0.09370413774952535	0.8419883857274604	0.18419601315426093	0.029736604581259526	0.7806799934526839	0.09663668343455388	0.8644555012358149	0.5350785361269652	0.979785972469446
6	0.5085826967192075	0.4329358599768626	0.8942222737540794	0.8594172070460927	0.1014085962321263	0.22122875710961915	0.8523495305074074	0.36451189645606297	3.392535891890408E-4	0.09299801625229584	0.7771397468959701	0.7359605766226065	0.23891866852956217	0.03747690657985717	0.2698651939017049	0.7733958508393176	0.5037859240662229	0.1806103169008074	0.3882168450318722	0.27323299803074097
12	0.4662452600165662	0.6016151061024985	0.07676723000178093	0.10502054042679083	0.9774640858254566	0.8717721417873989	0.09160367667944114	0.6498384514050213	0.9999995	0.9802483523572096	0.1875066169232152	0.188042091522583	0.8590908514667639	0.9974273410070983	0.7906284577800663	0.1915932433070222	0.47537902361244055	0.9298177631131466	0.7167449433779496	0.8102248682848018
14	0.9944461846264192	0.9996015209622696	0.9931173650480647	0.9966885133932206	0.011913511274161051	0.010679872333546123	0.007715567297695617	0.012279562419732638	0.07146522498014586	0.029271387494489445	0.9866952958857713	0.9996675238973001	0.969360193759221	0.815914745785892	0.018139894888909405	0.9145993144797836	0.858540047386308	0.5886385066676445	0.8798500085609965	0.3007198219587904
22	0.7905981728607682	0.0038152986709273852	0.9999995	1.0974492286823528E-4	0.9905577805583006	0.7124875378813018	0.623174289517243	0.027899654955850447	0.442065629506304	0.06333201821402969	0.9999328979835509	0.20726766626675988	0.8493454396921257	0.0016636404338543184	0.03226756753132581	0.9966178050894551	0.9448163956145692	0.0105445394720439	0.0877302571982854	0.135842408634206
19	0.7455366130645517	0.46951295996763753	0.9998886696119308	0.9995569633090314	0.008796061579543617	0.07125961159053035	0.9997819181499132	0.28231523159888994	2.010371627819447E-7	0.008058718383949864	0.9936096496807612	0.9945498984652105	0.08732934786514449	0.001001839960073228	0.13788788072599392	0.993605280162595	0.7386414602353216	0.03560416814678228	0.31129917321277656	0.14750448253565748
15	0.5629216956290537	0.553793094368804	0.19173566475691523	0.37341278918803145	0.9099357552358317	0.11694752018619159	0.5678977189948887	0.2055950769779416	0.15203065626203488	0.5187497631507091	0.4093670140034356	0.6880348917858234	0.8363840355923503	0.32175315442617897	0.9858423145734669	0.2683682539031565	0.9665814835397053	0.8759612986681122	0.16607792869340318	0.339078553338974
17	0.37529862896851957	0.3888197124634363	0.944662097013383	0.719153221259745	0.05172524709428695	0.9827687829314702	0.3989678452413361	0.937445979455767	0.9541272192242725	0.41869905397456714	0.659553963494553	0.251867735954785	0.1231541486112253	0.8454843213068262	0.006909754544679959	0.8557899694805561	0.01650970150749736	0.07281177329719218	0.9615808282404799	0.7690313115430948
16	0.7759519664176473	0.5607758099725851	0.5580603160031319	0.9466844936404686	0.46379003946379826	0.720617550826589	0.42451100366121586	0.8297219775670603	0.027206666775100974	0.8009575578473601	0.2919206889455171	0.4073374551190844	0.28599299622100693	0.15781220865515308	0.4560836658581299	0.9440918276242345	0.3787720857576038	0.9294425451730778	0.32945984950022766	0.23100542359776863
20	0.22736840358649923	0.3397320965494092	0.020950805252904933	0.021049798193125406	0.5700965728276394	0.006505515185515424	0.49237733093513797	0.005390468973051532	0.04215902820379126	0.16073501551294328	0.1890719957862583	0.7460729622475986	0.9096929894317226	0.08108349444421759	0.6042054372252357	0.006505818108987574	0.8126322993919524	0.15119300866225557	0.032970654353173146	0.11235112696266764
