GENE	exp_0_smpl_0	exp_1_smpl_0	exp_2_smpl_0	exp_3_smpl_0	exp_4_smpl_0	exp_5_smpl_0	exp_6_smpl_0	exp_7_smpl_0	exp_8_smpl_0	exp_9_smpl_0	exp_10_smpl_0	exp_11_smpl_0	exp_12_smpl_0	exp_13_smpl_0	exp_14_smpl_0	exp_15_smpl_0	exp_16_smpl_0	exp_17_smpl_0	exp_18_smpl_0	exp_19_smpl_0	exp_20_smpl_0	exp_21_smpl_0	exp_22_smpl_0	exp_23_smpl_0	exp_24_smpl_0
0	0.9334598449162711	0.4053948060278478	0.19172829170438455	0.9338853520792985	0.9821733322250439	0.7687766205930847	0.1831783453679363	0.0433383730071993	0.8481934190345386	0.6897317423034758	0.4793406145690007	0.36064711281558476	0.15552216834662247	0.208053349779934	0.009955799582783397	0.9516020743008237	0.7292567131723794	0.40411617343731043	0.13466223541569258	0.11975628562574558	0.6733988876622713	0.36392395082997214	0.4034806279452374	0.4968046941505956	0.2897623315680625
6	0.03090245518208631	0.6346080906977829	0.8039685125443995	0.04782036786845159	0.0078087775951015586	0.2025715601565911	0.9288350104615578	0.9935119792893871	0.058016470435635	0.18455037669539218	0.44467980090428166	0.564055849299532	0.9434726274163371	0.8104605266912545	0.9997698735878935	0.02314467731822005	0.156193973448482	0.5098131364340517	0.9125278158991332	0.9488330581756867	0.1871495468970061	0.6867856852338531	0.5694126838828864	0.4488261960993456	0.6026498030734954
1	0.14894912420794035	0.4476839270702623	0.6394112103742902	0.06882607721386758	0.23661188106735673	0.16854371487343153	0.3789913220779576	0.99234102503942	0.36411143439208954	0.019635051489874336	0.7412949584536637	0.24323453215112992	0.2650007988525463	0.6172124281323694	0.5748850451963132	0.27935608991937655	0.9790368824314923	0.5636490509396671	0.4377242811932578	0.5337042648139871	0.5973444513001612	0.7208033100830727	0.21873627200873644	0.4098418186961634	0.4791754820027728
4	0.9965102762690596	0.4889647631425111	0.21570459298472983	0.999795255622249	0.9566513902247132	0.9861832918887208	0.45009389654789855	0.0010135909873852675	0.8193171335836471	0.9999995	0.067983403470018	0.9498280961008086	0.9473819573321233	0.13087411122192488	0.23147281601724576	0.7316668169740556	0.0029670596831566304	0.30885860073036353	0.6426953094201464	0.1955624316822674	0.2473623928236489	0.12269176100681913	0.9729903444533035	0.6222891617859729	0.4456531490790194
2	0.9875065516231077	0.3090032916770742	0.40564388359693165	0.5627982287538082	0.4085218501329038	0.6518417447458753	0.9158798311954791	0.8934239149730218	0.36037169440086586	0.28572750831422444	0.9490806904076978	0.921388400739954	0.8163568834322281	0.09980187586918386	0.5729198964082667	0.5910543435442365	0.8736332467409957	0.43385841821281984	0.6040602675956539	0.08872271911108577	0.9761199798425362	0.6367767522842909	0.588640013315551	0.8215491425331992	0.9241912722115305
20	0.047484093721880505	0.3353704960801372	0.01699594801304219	0.48678119973518086	0.35002458423105165	0.021909637696725253	0.03823761082338311	0.022602200579664503	0.39724414250615697	0.6935627607752562	0.16648209121250324	0.03306590242634754	9.158500564503548E-4	0.17102824883063078	0.051629124241533444	0.46020851461719553	0.014809794595294997	0.19707763121031968	0.07121217378690517	0.12600112632369098	0.2256495152619939	0.030600520991303046	0.2972804952753757	0.06572780230294414	0.0030035051725064168
3	0.8800590884478416	0.7512779349074586	0.4642131974134936	0.1821686703907103	0.027230135730569302	0.9960222270362794	0.3553482793155353	0.8122506091959424	5.976362792241599E-4	0.4302974581573697	0.15398352930001946	0.43226232846090307	0.058285651794078346	0.14697195348544406	0.9032353138328179	0.602866228194346	0.7207405064534933	0.42866307090729205	0.12284513402718032	0.8244770898996527	0.27134593885270136	0.9873591402841865	0.5236971180048275	0.9883088562199944	0.8063472628975944
22	0.10782879444942688	0.07147140435299446	0.14866484880506817	0.23864698982709914	0.9493555719690558	0.03163607779453359	0.619618966784878	0.052546500752770876	0.14762156123828546	0.7329092447778061	0.19370752194999713	0.6182776804173724	0.4767890298211689	0.9072919257687567	0.020368873951986402	0.16952665669738173	0.25541089111881743	0.755812241184291	0.17757130873064808	0.1790796268892843	0.261802767241296	0.10292438274494124	0.1793328933547336	0.07581401460794616	0.1973705354661716
5	0.3360108478270051	0.6640148647007202	0.29960984538471014	0.9928319997982493	0.4687152958529828	0.055493443008290885	0.9777912225308831	0.691076974525947	0.48792267007809675	0.7017149125634841	0.9774561179817562	0.3413274362990918	0.09085690805040557	0.7355541738514378	0.9277316148164991	0.9318143440949327	0.07177029091299264	0.4128371446452086	0.9505478347180762	0.7929061774830283	0.9738452652360887	0.30126964888944463	0.9702169616719596	0.3578875332249434	0.007171816337147211
17	0.9999995	0.44974817177125337	0.10615074122846282	0.9999424034719466	0.9999995	0.9778416538121941	0.028459999978789632	0.0026741017862497328	0.9998248677635193	0.9918546659086077	0.6726242122609969	0.5460215998585577	0.02111436854211729	0.13107889978829587	7.300525922951952E-5	0.9999995	0.9925949560247128	0.5993293636487321	0.05239332418685702	0.020052806680814377	0.9712134567494961	0.23054211150968096	0.6219819424746467	0.661247032075663	0.23340524235237978
7	0.24121056701398302	0.39049753224502337	0.2761920210359671	0.773805699164002	0.5161630025718638	0.19907332585940837	0.9942672952429957	0.7062085673964533	0.7285662871770785	0.8495783463217915	0.5779419783932335	0.5478347923630362	0.6500004696856918	0.14557665540134887	0.34098974287948586	0.7516014391716441	0.5173153268944772	0.4452887555969369	0.3799487974661951	0.32009221006295213	0.2817655940944464	0.7203765255199425	0.4995424178244954	0.2359111397764038	0.34040980354379363
10	0.6868654802597977	0.5765389205042534	0.7338600348608272	0.044150440486570505	0.3086873597430315	0.9700227009173439	9.634936308637238E-4	0.0675441615894325	0.050044496168565114	0.02982116276993373	0.23188835573474986	0.2949140322659618	0.1360009955193042	0.9723660266952485	0.7799024540477077	0.10933603964968733	0.29912066546629457	0.5015967211138159	0.6728019793864636	0.6744419610308209	0.7768619075015248	0.10633388766804167	0.35785569202022194	0.822157677115611	0.6983079174098256
8	0.4200160010607817	0.6232052578308409	0.8418322220775188	0.12836133110202796	0.7040434826004142	0.6731622549798861	0.8583813163253098	0.18456198113649014	0.38176175198596635	0.13063390092279664	0.2598900165716776	0.811862507690764	0.5435836532231837	0.2994771780961298	0.254940463659493	0.09611147923594249	0.820724232555961	0.1592616147700407	0.3901092253460597	0.9871286649256822	0.528197188416453	0.26058275497745476	0.6499997035163199	0.9820015442630071	0.46901981325740333
19	0.05465237823975992	0.06820105160781496	0.20082695507763526	0.4653808329352594	0.30993221101219715	0.29476740862436135	0.17280975046660524	0.08115962980396672	0.040146027849009974	0.9671327770892539	0.944219148296614	0.16691827767935502	0.5841503262061091	0.40605489243152615	0.10227562240946982	0.6912280919694612	0.18983882057388035	0.7097332210128016	0.14584840311566125	0.08694785189202753	0.20059426506801054	0.5103715400126249	0.12863643458677904	0.09162713284283017	0.6287121946851617
24	0.4939785764464849	0.021362572590232633	0.0989873417788221	0.07831863459288221	0.17011551037498757	0.20681702027247978	0.1082670611995925	0.052180504119896366	0.10487248925696455	0.9851068178165763	0.2258519478347587	0.0887962501887663	0.46897204866859943	0.8573020742857933	0.4578995502735414	0.1140801221368803	0.16527184712973947	0.20159680889029333	0.32874577109808145	0.0511536360707751	0.14781092598617407	0.28063838639596894	0.10914426046957819	0.009290680321630383	0.5388806892362151
9	0.5626425621099223	0.6282224835821602	0.8018187009873057	0.8260562744706307	0.17298419217545263	0.6950517456024339	0.2499471254144402	0.6359661638312739	0.9908953592381923	0.2423263228067495	0.8399246128991917	0.18794403831070441	0.5694907839104242	0.1697748908545076	0.9484399501142352	0.5708411336602339	0.05853743074478246	0.10653939197273042	0.9177456545064353	0.3289399717874202	0.7404279383048772	0.43321401036653356	0.7125128275224475	0.5414657727837717	0.2596831502219406
18	0.28559037248848285	0.18448513122773608	0.12633059091747825	0.12886132379027565	0.8198218831557655	0.12450683262102466	0.688070781093932	0.20386158512544775	0.003601613961902395	0.87143055549936	0.052040115892464905	0.8106861051066023	0.25062411254487055	0.9225510676901169	0.032415302407268816	0.32564395766383875	0.9852872553278602	0.9589224995461918	0.033721816742722836	0.5895688981126452	0.149881644936167	0.3895871539751009	0.1587684351275801	0.3114272130836555	0.8082169792802464
11	0.6932763500962459	0.9521617133508938	0.935235779097229	0.20290104125739902	0.411471913806118	0.7104535799657726	0.18159728011818138	0.22752242384785165	0.12388730838645698	0.026993240866967496	0.2899990207500987	0.5407961155370237	0.10044398190097047	0.26070338004140586	0.29232364015094436	0.6826776272807454	0.9633728577377065	0.0619155362957026	0.9880989691422503	0.5277792878817799	0.9205250866383119	0.9413251268108273	0.8510108403675296	0.2442438910933372	0.8095543041166453
13	0.006978119057647986	0.023301581393870244	0.126032230149132	0.5887701749464479	0.5335981047988444	0.07257497127552605	0.8777888391430182	0.45217335273937936	0.8522250793564575	0.9431611491691251	0.23473395781281017	0.37202848081210355	0.526531105135318	0.5345666143924862	0.03415972067123571	0.2415677830555403	0.05141987050940586	0.8906101365501559	0.12485236044031853	0.09608165000707537	0.15505342807003863	0.10238650662967101	0.1784667970180256	0.6500006518344696	0.28600561666232266
12	0.016436833684271075	0.18439118582545008	0.6154393218776819	0.6577690372344634	0.8855311435092096	0.357063371593664	0.9936835366627365	0.5040756646299669	0.7985200283136449	0.8815428519533547	0.2971375840984733	0.7860649958663032	0.47405502990905163	0.551147837655208	0.059777890732519885	0.9188725447380366	0.2632171289160708	0.8973109537503994	0.6933766395913574	0.28387335610846237	0.93283959849672	0.43740448317596786	0.924974044614768	0.6942000024410854	0.883969328694147
21	0.9999995	0.9999995	0.9957909403725128	0.26020491220574027	0.23341835465745991	0.9988694633083633	0.029492778062143125	0.5355877195891008	0.06471754185023142	0.02050853050883371	0.9363571787570709	0.5765186695005716	0.48708469366653034	0.448782295544894	0.9999651041440962	0.9575176877263819	0.9999170142021178	0.024011614056381417	0.9943945395061919	0.9976091426029202	0.9805201097011603	0.997454173020896	0.9768950796455139	0.16580428497821548	0.8071098232979634
14	0.24759543084390004	0.9239324067055678	0.45984929018989046	0.3085481090650941	0.9482115079826607	0.6097696198206103	0.33080316575586044	0.3638874459726039	0.11376994725069653	0.11313099436589245	0.6782143853192834	0.11155329942708705	0.6499996851555991	0.776747106123731	0.7002774391735238	0.22441728290346757	0.21137975467457093	0.4440234228038788	0.6623160083126891	0.20569471760481822	0.998248718481664	0.261125433652979	0.17368906714931295	0.3083886354855047	0.24522895575483508
23	0.7724619948761745	0.03864244910164607	0.5104985842511459	0.9172095068756699	0.04015008580311444	0.24516247385733933	0.703194752465931	0.8105164213359756	0.9943491234164561	0.9936961023058478	0.2847994619563101	0.9948756961166869	0.3323448840593731	0.21053856827346998	0.23141230384384898	0.9573989246052541	0.9729120476245657	0.6218869497407665	0.24396417160245443	0.9677373430085816	6.724091065331613E-4	0.9129528775259017	0.9886860431011906	0.7319724148908612	0.9207494104512263
15	0.11553973557101348	0.9119735695568775	0.14044879129873447	0.9286070578524612	0.2563362026713739	0.16486627559473135	0.17014430053909227	0.962694543951396	0.8479547975133351	0.213389890214323	0.7003429122600334	0.1824814991713835	0.2967708626617044	0.07778433279696123	0.5375069356366172	0.8811128860096766	0.27905329701414894	0.6591833699858765	0.4841806357300267	0.15837578036149624	0.5653840198431406	0.6231178013815889	0.485849478719956	0.6374345656197594	0.2616644307853858
16	0.18304606729626924	0.25123746022150095	0.984233098136307	0.39827004293715185	0.9936010854695956	0.6490564871787238	0.6393786806454026	0.22492477130933575	0.06831487612078084	0.9050397109707946	0.7822526159294838	0.9185646070415558	0.7673293322940603	0.4145922931762312	0.2603421709610903	0.4186586310627809	0.46712618301244613	0.5401776852120924	0.28745918866194775	0.8018491610931906	0.36756878789859637	0.44349047162079036	0.3870168817943731	0.8646441195073067	0.9586644873072779
