GENE	exp_0_smpl_0	exp_1_smpl_0	exp_2_smpl_0	exp_3_smpl_0	exp_4_smpl_0	exp_5_smpl_0	exp_6_smpl_0	exp_7_smpl_0	exp_8_smpl_0	exp_9_smpl_0	exp_10_smpl_0	exp_11_smpl_0	exp_12_smpl_0	exp_13_smpl_0	exp_14_smpl_0	exp_15_smpl_0	exp_16_smpl_0	exp_17_smpl_0	exp_18_smpl_0	exp_19_smpl_0	exp_20_smpl_0	exp_21_smpl_0	exp_22_smpl_0	exp_23_smpl_0	exp_24_smpl_0
0	0.8484033809914465	0.18461974712529192	0.03752236763261734	0.22425575669003606	0.6429589363715238	0.9544827002236024	0.8698152065332362	0.3747844496759428	0.5502358108655614	0.26654035738374526	0.19443417509080904	0.6414773639883586	0.804601954166265	0.15628685411586019	0.5736226646767042	0.6151447880402926	0.7988141200812935	0.1904966336310307	0.0034764482151254774	0.25333730574283553	0.9003809752447167	0.2875605737363096	0.0247701789381073	0.25935861849854425	0.8049444142537088
2	0.10833150826539746	0.9027214195599258	0.9965855133935511	0.9357854132642853	0.24067331885715051	0.03184163066153334	0.051087183775783584	0.6661108361594099	0.24519481859051329	0.7093782269904912	0.7998690731152077	0.24777854343259653	0.20682330404721108	0.8936825893591024	0.45238890353018874	0.31434779019438536	0.18999049258037887	0.8441627176844593	0.9999724522848128	0.6172876416112015	0.09778651052493693	0.7260146797952995	0.9981226498508144	0.8646135942815938	0.18906007890676127
6	0.003048217295759858	0.9630815840809852	0.2788693335508444	0.2857301614288268	0.11274072978841003	0.006600074933065148	0.0035265324776373964	0.7081278638179692	0.11944427392449458	0.7550459488877332	0.14579134488498005	0.14995472645107996	0.06458865725593954	0.7112061094994565	0.02988444344894691	0.21581138576695313	0.11941830946991588	0.20362506350463094	0.2694421574191575	0.09660529458138371	0.01602505485122199	0.7789704261737825	0.27524486744797527	0.24635276887285062	0.031770947847735716
1	0.11008534468305149	0.020507313316162987	0.8905933274216524	0.58145946630689	0.9537652791836477	0.30602314662568647	0.23772291372048016	0.06836947502631494	0.409074293268033	0.18523851552345064	0.8764321928739547	0.2736793410829327	0.04313763488990576	0.9857756366113628	0.14181001377114294	0.15776038144950252	0.1295731974124256	0.001752940147336448	0.3304406990451537	0.388576372351822	0.08468179148564528	0.9497945544638059	0.07491942260409384	0.650032808625565	0.4820626038229235
14	0.3411629294673155	0.9586344221403218	0.01272767536880807	0.03166943563815531	0.24192541159596173	0.3808879580541531	0.5916068390879567	0.9883684970221249	0.40283079295686475	0.1447886018028981	0.20555899829053573	0.7885479170059201	0.9594946605977069	0.017311974196415194	0.17524957812926337	0.7704839798457987	0.9641782955235548	0.9717425976182097	0.04753238779322419	0.6447963873976206	0.9341010595428837	0.16647547260114384	0.18261703526632314	0.026305803785812282	0.6596325723369402
3	0.9847487707681396	0.06530558198515254	0.0015377856658204663	0.05095013691019195	0.9284840434296613	0.9992513726385814	0.9956810937064416	0.3080911719506208	0.8808101815559534	0.1694574068238881	0.06284930370277003	0.7879386796688563	0.9064808186557596	0.036984587329921395	0.698292718798243	0.7892296193436447	0.903692714624188	0.12851877941533008	1.2146775654877948E-5	0.18285982977211326	0.9845934327974228	0.24018705823018366	9.664657235414222E-4	0.13587252473268419	0.941996331059821
9	0.005387397853677468	0.9964306665063934	0.9999995	0.9973645402296523	0.0866420406160386	3.2346495113013465E-4	0.00294442627791495	0.8676712319076142	0.06867259087337824	0.9474748500834972	0.9939887350097963	0.10044698528813549	0.04443663375421797	0.9989265213732093	0.29775144750964855	0.10740574715709546	0.04412606274159185	0.9523629070348815	0.9999995	0.9829759853344333	0.0071683343033860135	0.9404204193001754	0.9999995	0.9694326575716063	0.03330749235189904
16	0.9446270080816502	0.005530431259663203	0.04708514676115274	0.051577030736202914	0.9624474223682561	0.9992982362211865	0.9971016636371047	0.07574643476609491	0.8436109448130945	0.017649436503885802	0.02378404771080592	0.21248305972606563	0.9266243484533737	0.004902942620272692	0.66905555061627	0.2677625885546503	0.9702957218405888	0.01692516314035549	0.008208701075764773	0.10307845676422892	0.547840084806417	0.02067530467923156	0.009033384140112833	0.06113537580109549	0.8726069018567469
4	0.9900810096523519	0.3082164257204929	0.7672773318375951	0.7837646193078577	0.39059614586474534	0.8489835748127378	0.8990802916242931	0.05168440667668688	0.5144563806322943	0.4218427004059281	0.9019583260628473	0.2992211784781748	0.47678809377871295	0.422970230938734	0.9660775117643426	0.09501284861065272	0.3859344469832871	0.8134226666256171	0.7510002431055206	0.98778463521872	0.6637160953852111	0.12663250693040565	0.7158210706924208	0.7214881448265045	0.5760800610133967
19	0.0016352718889816663	0.8123387267347105	0.10062105880225933	0.06543488088200117	0.7383538492831769	0.05603893520049531	0.010518718768214448	0.999616428970493	0.37429560872467516	0.5498483363159672	0.01826145919448945	0.8784316313214601	0.40053914978436017	0.5752716254128025	0.006904081278372713	0.9986586789969998	0.8553806915626209	0.04799796465396502	0.08899851588764363	0.0020862431034853472	0.13736020344330366	0.9951411671415045	0.07113657986551807	0.07521566257103475	0.1301149248921569
5	0.7852777298989699	0.16737316950517717	0.6058330194730654	0.7483709035005601	0.7996896957112661	0.9718670116248489	0.45585333138850015	0.5404987224222977	0.41754749918933703	0.19153711787827543	0.7776365621396641	0.2925982507517627	0.016848889541964014	0.6754828741780731	0.5998266924136871	0.4026978435232594	0.9170785975214801	0.9359106438309077	0.3259762349962957	0.7543158243231629	0.24150976211938552	0.08558619836009378	0.9001556030810944	0.551627931331192	0.9273613391481973
18	0.12085501623280659	0.980971337779392	0.12465368330945696	0.12902540329835888	0.0704791224348204	0.00906065698528102	0.5054973977051791	0.3893115963177507	0.548667382083648	0.974142219586754	0.1635783917074625	0.9754236419742979	0.9999995	0.17689816334640465	0.23150443322387834	0.6557473848300105	0.017866906494145168	0.008114794553848776	0.9285873472497921	0.052597040709182044	0.9592073475518852	0.999168108861614	0.06317402788076293	0.27850788371480395	0.009319590881662341
7	0.4383086556773077	0.11626920698377798	0.7979453800783212	0.47126780781422956	0.2456035040761657	0.01669453498430036	0.9252782360183998	0.9708466733719692	0.3350926510068933	0.5555105252011938	0.6285536495694661	0.4230011317924239	0.5427870492949416	0.13343409034346895	0.4963500289919711	0.3005402802128659	0.4278273686541004	0.7492450504637806	0.3818927421248378	0.7714799321046387	0.42535340483304734	0.4888577926465816	0.6668434546911478	0.8878042674270762	0.07491713112874097
13	0.8898966650911722	0.9990264039656638	0.09394695697464744	0.5752745748066004	0.9712085213685733	0.9999995	0.02804687927869293	0.0070754192776022184	0.8421494735912102	0.5875811897372796	0.16452672272005311	0.6327254373087697	0.39427026436194107	0.9975088645898076	0.6161073549447623	0.9492266103053553	0.8656354472795849	0.0956957417443862	0.8463079470249081	0.054686833099060965	0.64526513461175	0.483342470524138	0.17771095025361783	0.0204831324175577	0.9996998660626966
8	0.2852608574518566	0.3393502441465963	0.38416115287850855	0.10008533639798405	0.1623772437786373	0.0898877985924119	0.13527848232003767	0.058534797490349434	0.28082669140125893	0.10118709998677752	0.7008755473399854	0.7177559276580634	0.452760839048726	0.6281450130408439	0.3228844455577435	0.7439884942701658	0.1812507132756323	0.755306750792271	0.8945471413028244	0.3472563605696457	0.5087953476002601	0.5381901215539068	0.9102387613756524	0.2523410142673226	0.4308294663985325
10	0.6499999762888689	0.20884261172952825	0.8905047818142547	0.8668733148613991	0.09930127632775536	0.5247881153487087	0.2898042812007284	0.023993233698693744	0.32406012000091444	0.7189384278862992	0.37223976765001987	0.03617085017066415	0.20646702557296706	0.7702022413072497	0.619726864438956	0.2944483023965722	0.1630799275872631	0.19250299698153603	0.795227798755013	0.16208992520014684	0.2289200726296526	0.48666917258847575	0.6373728602809835	0.7627349997291742	0.15746295587104997
22	0.2614347631298994	0.8894342341084771	0.050736545948203225	0.07233362513969377	0.9711585194918906	0.3698917560461975	0.7167701467426397	0.9973110277605965	0.4837201706344669	0.1795068872625745	0.6076390660786906	0.9944965137530279	0.6641406817582783	0.09265597940730307	0.1998018809064496	0.5217041686389807	0.9198784948406838	0.7393609817144011	0.06828133164702424	0.7991094275405445	0.8553418865634549	0.513070261437112	0.2477357585292086	0.06537708996066446	0.8834651348407969
11	0.5280566052283285	0.8236553096574981	0.9699572552427368	0.8574056777652171	0.7158725103982531	0.28190201298145534	0.1736795201455522	0.3384560318883678	0.5650810584419658	0.9042425164295151	0.7502624282556463	0.28273472962227386	0.459171723078436	0.23542989089178598	0.46916962158528397	0.3828032651211391	0.3222742068122033	0.9380243619973108	0.7602241947509021	0.5691782767398018	0.5433209258318035	0.11129609093206073	0.4448674850689574	0.8433550508860311	0.2694680955994848
12	0.7822281365683443	0.9468875628911012	0.9876908928631957	0.9383379429733267	0.9298119248982871	0.3169080119576225	0.17364704367949327	0.5617623972697662	0.7523351748728506	0.9016697140011313	0.9351133292660992	0.34896251181357296	0.5025582624892043	0.3128987801130345	0.5914511532489327	0.7808166929353636	0.4149299241213475	0.9743270557238357	0.7928428853907848	0.7219518139700567	0.7080217472582878	0.08742883506920754	0.4861110743362975	0.9514232515276239	0.3657715649722799
15	0.8065924987578886	0.7681203197660136	0.0954870910013318	0.6377322826482796	0.31730853406466164	0.3160650055488535	0.7233367482584993	0.1267531312928601	0.21390714144761744	0.5821167210326215	0.015623276469108601	0.04768251241144361	0.9557018114245532	0.964406623243895	0.963382837960003	0.11464570975510818	0.21397245262400236	0.22196111452036288	0.5859561599534359	0.8913119845755776	0.6816614056656953	0.9043972366682833	0.19971895083743693	0.9287228959742725	0.7767860898881608
23	0.18757170009120336	0.2136797234518498	0.9753603800605323	0.2756489368817635	0.7288740985323494	0.6776438961247852	0.1030559965615624	0.91799626901473	0.78847555208952	0.3448532908476129	0.9985069415360293	0.9902525380591531	0.022026212622584102	0.020691201726253886	0.018271172150724074	0.9417391598441085	0.8970458217514269	0.9273147130318915	0.28748843786955414	0.050814404013492194	0.16946321247746698	0.06317963364356458	0.9421023678999418	0.020163132007427663	0.18157605957545667
17	0.015650105493210376	0.9917233952055108	0.8516162729741581	0.41330755204651803	0.8167539632971924	0.5931463523891276	0.7400143791408076	0.5798481900406224	0.2125606429642003	0.19017455548724307	0.2698827184258992	0.8503646879422255	0.0029127841526021296	0.012110495678385663	0.7211154991292631	0.13415861603549514	0.013609844713506559	0.028898634564203208	0.39297064382425195	0.12903432206157536	0.07740442931148915	0.9739968343629813	0.2626796839689782	0.282250297980939	0.27221320621300704
21	0.9999995	0.0017203161783440719	0.04718247992058279	0.5346830280510458	0.06303125969571526	0.16950595081122652	0.1343063206903308	0.17382673480868338	0.9614020645219797	0.9841823836564978	0.9608107952994324	0.03784748273055608	0.9999995	0.9999995	0.13834354608609048	0.9957142435592848	0.9999995	0.999974922132492	0.7488808422034186	0.9942968250881252	0.9988775924718982	0.0062107289678962835	0.9574202632321982	0.9239985736094973	0.9275839114508068
20	0.2886901078846292	0.02298839009383268	0.2957066564670013	0.8935153217018321	0.9706681978175036	0.5995116822353302	0.7562305468601225	0.06972048410268428	0.5581889633142715	0.24991371532356552	0.4607647169528311	0.16954479662383837	0.19292375445033877	0.05500655848931927	0.27132686679323365	0.3921860314425183	0.03766046911864492	0.9101999827403867	0.6165464533939274	0.8473918197867993	0.8513725420282512	0.7801356661482585	0.8293396895016513	0.38447570731309344	0.23692322497873258
24	0.11027575475200509	1.2452456016388481E-5	0.17346242688193073	0.9060615785049861	0.9854752852071599	0.6461979729581229	0.9652155481787452	7.909404706209526E-4	0.6401540983450333	0.08655483434966425	0.32548740688255984	0.016870814704652244	0.02079864764906343	3.1960823860221007E-4	0.08157514293649952	0.2913011213145337	9.897387435282597E-5	0.9483619155154538	0.5185921352525517	0.9447515708686055	0.8510793643336584	0.8053214253081855	0.9355062126444644	0.3119189917892142	0.03717344673212369
